20        40        123.29    3.49805   96.7167   1.20829   9.18434   0.722556  17.3893   2.99237   
20        40        124.496   7.01101   97.015    5.01871   9.11386   0.497361  18.3676   3.35363   
20        40        126.148   5.55705   98.3333   2.49198   9.11231   0.615758  18.7022   3.82221   
20        40        124.167   5.0571    97.3733   3.28259   9.25303   0.591684  17.5405   2.4053    
20        40        122.959   5.15918   96.575    2.66469   9.20969   0.817686  17.1742   3.59001   
20        40        124.983   1.82217   96.6717   2.28937   9.18307   0.327473  19.128    0.671989  
20        40        121.361   3.77931   94.3467   3.88632   9.46142   0.407478  17.5531   1.58944   
20        40        126.191   3.31957   98.165    1.98874   8.98613   0.398399  19.04     2.63666   
20        40        125.62    1.36645   97.65     1.41938   8.89519   0.246156  19.0744   1.21398   
20        40        125.813   3.31692   97.2933   2.38669   8.97349   0.653792  19.5463   1.85619   
