20        100       127.736   5.10208   83.9483   4.72743   36.3589   1.07535   7.4288    1.74335   
20        100       125.975   2.50585   82.6983   2.13714   35.8162   0.895477  7.46081   1.50761   
20        100       128.548   3.40467   84.515    2.266     35.1006   1.51119   8.93286   2.13193   
20        100       127.262   3.46551   83.1667   2.81406   36.5773   1.59168   7.51761   2.56875   
20        100       125.751   1.56874   82.0583   1.79518   36.3234   0.271084  7.36906   0.788922  
20        100       126.242   3.75754   82.3683   2.97926   36.9456   1.10203   6.9278    1.69929   
20        100       126.026   0.596212  82.4467   0.748697  36.5361   0.317153  7.0433    0.3091    
20        100       126.56    2.94414   83.4717   2.4445    36.6552   1.26253   6.43323   1.41704   
20        100       125.315   2.63836   81.6283   2.90625   37.4556   0.94023   6.23147   1.29321   
20        100       128.169   1.66536   83.7183   2.09002   36.749    0.631412  7.70193   1.59282   
