135.962   1.14052   106.738   1.53348   28.6003   0.61931   0.623419  0.347302  
135.668   1.65596   106.253   2.24021   28.8561   0.758336  0.558757  0.284229  
135.083   2.04586   104.893   3.15021   29.6211   1.59849   0.569083  0.476446  
136.669   1.27858   107.453   1.64531   28.5511   0.769521  0.664275  0.310091  
135.697   1.36359   106.108   1.77741   28.9283   1.00536   0.660622  0.505819  
135.589   2.64169   106.568   3.44686   28.5252   1.2719    0.495075  0.369363  
136.156   1.44765   106.098   1.80656   29.2574   0.599784  0.800202  0.258971  
134.119   2.00634   103.573   2.43209   30.1981   0.740665  0.347672  0.191159  
136.33    0.956066  106.888   1.64025   28.6881   0.789565  0.753457  0.345848  
136.17    2.27675   106.913   2.77774   28.5588   0.983289  0.69818   0.499385  
