0         60        130.585   3.83166   81.2583   3.03061   13.4513   0.719132  35.8757   1.52085   
0         60        133.623   3.08157   83.4283   2.78599   13.4883   0.348796  36.7062   1.20945   
0         60        137.164   5.402     85.015    4.00951   12.8974   0.565813  39.2515   4.20291   
0         60        133.987   2.73968   84.58     1.63309   13.0739   0.565031  36.3327   1.6183    
0         60        138.354   3.79324   85.5383   3.46058   12.5731   0.716666  40.2427   2.514     
0         60        134.382   7.52444   83.3533   3.09549   13.2202   1.30744   37.8082   5.99172   
0         60        131.187   4.28843   82.355    2.82946   13.2123   0.733699  35.6197   2.38008   
0         60        137.873   3.37413   85.9367   2.10515   12.6092   0.561849  39.3276   2.42844   
0         60        137.386   5.22427   84.1933   1.88487   12.7167   0.510823  40.4762   4.25158   
0         60        131.125   1.35136   82.555    2.60108   13.9915   0.635351  34.5781   2.5563    
