20        80        121.065   3.66768   87.5476   4.60238   32.1646   1.40136   1.35224   0.404453  
20        80        120.936   2.39195   87.5604   2.62865   32.0662   0.856939  1.30938   0.427694  
20        80        121.097   2.47533   87.7129   2.74911   32.0648   0.922199  1.31926   0.420721  
20        80        121.186   2.52026   87.8001   2.80629   32.0607   0.893222  1.32521   0.426637  
20        80        121.093   2.58774   87.7225   2.84036   32.0216   0.910444  1.34845   0.426541  
20        80        120.964   2.42193   87.6395   2.65681   31.9778   0.868372  1.34688   0.398308  
20        80        120.979   2.35289   87.6149   2.67606   32.0279   0.88583   1.33644   0.402606  
20        80        120.834   2.43122   87.3991   2.69091   32.1498   0.849452  1.2849    0.393191  
20        80        121.203   2.53433   87.8145   2.80691   32.0646   0.882075  1.32382   0.388786  
20        80        120.885   2.54538   87.48     2.87001   32.1008   0.955059  1.30394   0.438003  
