0         100       126.634   1.01934   82.1117   1.26514   34.2171   0.94444   10.3053   1.21832   
0         100       126.334   3.50808   82.72     3.13093   34.4661   1.92095   9.14762   1.99079   
0         100       125.029   3.60447   80.4667   3.70467   34.1495   1.78283   10.4125   1.2311    
0         100       127.408   3.10053   83.2433   2.57429   33.9848   0.797334  10.1796   0.863007  
0         100       128.316   1.50779   83.8067   2.31144   32.8608   1.55953   11.6481   1.12465   
0         100       126.317   0.970261  81.6333   0.121031  34.1096   1.03243   10.5738   1.05094   
0         100       126.608   2.75851   81.7183   2.07195   34.0996   0.703472  10.7905   0.596493  
0         100       126.484   4.35688   81.6983   3.99707   34.5053   1.3718    10.2808   1.92745   
0         100       125.171   1.45304   81.16     1.16215   33.8359   0.805256  10.1746   0.845177  
0         100       128.367   4.12926   83.9017   3.04427   33.3586   0.951715  11.1072   1.74273   
