40        60        125.548   2.01266   98.0917   2.34062   25.9921   0.596417  1.4638    0.40954   
40        60        125.943   1.9279    98.1933   1.83286   25.6748   0.747677  2.07465   1.29189   
40        60        126.564   3.1783    99.2817   3.7775    25.6366   0.912759  1.64574   0.326966  
40        60        127.61    3.12093   100.453   3.02706   24.5338   0.794689  2.62332   0.944364  
40        60        124.979   3.08157   97.425    2.8665    25.5178   0.719302  2.03596   0.808851  
40        60        125.837   3.82324   98.3783   4.2523    25.5085   1.11959   1.95023   0.756329  
40        60        123.857   0.299739  96.28     0.686078  25.6575   0.550546  1.91923   0.64505   
40        60        126       1.6316    98.2683   2.07053   25.8312   1.16898   1.90056   0.457564  
40        60        123       2.583     95.525    3.0065    26.0623   1.07827   1.41234   0.680344  
40        60        124.215   3.37905   96.765    4.72464   25.8994   0.917861  1.55043   1.08352   
