20        100       129.042   2.45303   86.7675   2.7117    41.1531   1.13795   1.12097   0.317574  
20        100       126.477   1.91349   83.6267   1.97181   41.8996   0.893286  0.951066  0.304515  
20        100       126.842   2.88465   83.995    2.68354   41.7601   0.874504  1.08655   0.455341  
20        100       126.932   2.88254   84.2592   3.32003   41.5131   1.07084   1.15976   0.42674   
20        100       129.028   2.33259   86.8675   2.41415   41.1299   0.591094  1.03056   0.335312  
20        100       128.321   2.08125   85.4525   2.0026    41.7454   0.745065  1.1235    0.369322  
20        100       127.487   3.76156   84.73     4.24694   41.7538   1.40064   1.00311   0.375216  
20        100       127.518   2.03954   84.67     1.59671   41.6464   1.48729   1.20199   0.287103  
20        100       129.14    2.73544   86.5208   2.52023   41.5043   0.7526    1.11479   0.242984  
20        100       127.211   2.22322   84.745    2.19354   41.5594   0.897527  0.906905  0.309427  
