60        100       156.357   2.48402   94.6971   2.99097   61.6597   0.8033    9.3174e-060.000208343
60        100       156.271   2.33943   94.6407   2.84485   61.6306   0.813679  0         0         
60        100       156.398   2.47432   94.7532   2.95134   61.6448   0.791678  8.49597e-060.000167693
60        100       156.157   2.40157   94.5099   2.89824   61.6467   0.829383  2.58383e-050.000401451
60        100       156.528   2.44212   94.9106   2.90152   61.6172   0.798922  1.59043e-050.000298269
60        100       156.346   2.23562   94.6794   2.74154   61.6667   0.807344  4.80537e-050.000711965
60        100       156.191   2.4662    94.5163   2.99917   61.6743   0.8369    8.20363e-050.0012148 
60        100       156.29    2.45358   94.6627   2.95032   61.6268   0.82134   0.0002067380.00450517
60        100       156.329   2.5041    94.652    3.01383   61.6771   0.818437  0.0001215770.00271854
60        100       156.25    2.28877   94.5909   2.81101   61.6586   0.837797  1.05146e-050.000235113
