20        40        124.976   3.33437   106.363   2.96712   11.5381   0.713808  7.07488   1.34283   
20        40        124.692   6.35058   105.793   5.5171    11.4266   1.20953   7.47329   2.52716   
20        40        125.941   2.61107   106.924   2.50988   11.5623   0.368266  7.45415   1.01005   
20        40        124.836   3.82517   106.082   3.43289   11.8022   0.548633  6.95215   1.3123    
20        40        124.393   4.07461   105.82    3.2564    11.7837   0.644025  6.78966   1.47312   
20        40        123.14    5.55043   104.742   5.05182   11.9085   0.991863  6.49005   1.88215   
20        40        125.603   3.12805   106.322   3.24251   11.6004   0.890792  7.68061   0.904913  
20        40        126.84    3.70552   107.17    2.16326   11.3617   0.801373  8.3086    2.78976   
20        40        126.099   3.56926   106.731   2.68063   11.2878   0.675147  8.07993   1.67065   
20        40        125.991   3.72678   106.595   2.84114   11.2703   0.978945  8.12605   2.18568   
