60        80        156.809   2.37357   107.061   3.15768   49.7442   1.02363   0.003648630.01747   
60        80        157.174   2.2563    107.57    2.86524   49.6001   0.877432  0.004326930.0208259 
60        80        157.129   2.47513   107.413   3.19208   49.7149   1.00142   0.0006762270.00527415
60        80        157.093   2.2658    107.367   2.84578   49.7226   0.895767  0.003326780.0144206 
60        80        156.789   2.25518   107.027   2.83333   49.7586   0.913303  0.003290090.0156981 
60        80        157.519   2.46644   107.825   3.19702   49.6895   0.985693  0.004089210.0220742 
60        80        158.037   2.39212   108.507   3.02807   49.5252   0.916925  0.004976040.0239205 
60        80        157.109   2.10699   107.365   2.63403   49.7434   0.837018  0.0008877870.00508424
60        80        156.913   2.18119   107.189   3.07462   49.7207   1.10611   0.002851570.0156826 
60        80        157.032   2.11655   107.2     2.78297   49.8296   0.899372  0.002712860.0106523 
