60        100       144.037   1.90629   89.44     2.51412   54.5576   1.21021   0.0392088 0.0643926 
60        100       143.733   1.97691   88.9628   2.40376   54.6945   1.16195   0.0754139 0.110014  
60        100       144.094   2.0742    89.5253   2.53823   54.5327   1.0584    0.0356539 0.0673188 
60        100       143.275   1.99809   88.3683   2.71687   54.8533   1.31901   0.0529017 0.0906207 
60        100       143.788   1.87117   89.2198   2.59488   54.5114   1.25102   0.0569445 0.0929648 
60        100       144.319   2.1366    89.6375   2.89187   54.605    1.32757   0.0768523 0.106426  
60        100       144.251   2.02692   89.7015   2.56708   54.5059   1.04247   0.0434871 0.0638346 
60        100       143.982   1.83885   89.445    2.35145   54.4815   1.12174   0.0557242 0.0935339 
60        100       143.711   1.84647   89.072    2.22219   54.6058   0.978891  0.0327973 0.0508759 
60        100       144.188   1.69934   89.5885   2.14895   54.5463   1.18316   0.0536772 0.0852313 
