40        100       131.495   2.02137   84.67     2.30446   45.3982   1.42608   1.42688   0.603362  
40        100       132.156   1.56437   86.2983   1.9593    45.1217   0.827535  0.736454  0.327309  
40        100       133.072   2.57353   87.26     2.97926   44.7041   1.26398   1.10787   0.446721  
40        100       131.039   3.08885   84.6333   2.86718   45.5699   0.769601  0.836017  0.316092  
40        100       132.664   2.14831   87.0967   2.29384   44.6989   0.555951  0.867982  0.314997  
40        100       131.94    4.81575   86.7667   5.38779   44.4397   1.10849   0.733385  0.39176   
40        100       130.851   2.31292   84.5583   2.73665   45.2317   0.483618  1.0613    0.416547  
40        100       131.29    1.49413   85.2917   1.83765   44.7499   1.66617   1.24846   0.936718  
40        100       131.739   0.990186  86.14     0.810695  44.9099   0.523845  0.689277  0.211649  
40        100       132.683   2.26514   86.9783   2.35414   44.2535   1.01803   1.4509    0.481214  
