40        100       140.397   2.22578   88.7585   2.57403   51.6238   0.861781  0.015154  0.023318  
40        100       139.604   2.21716   88.1652   2.55076   51.4286   1.01299   0.0105929 0.0200673 
40        100       140.053   2.48234   88.3592   2.95448   51.6768   0.930287  0.0167194 0.0361597 
40        100       140.164   2.24262   88.4767   2.60641   51.6702   0.814411  0.0172728 0.0266643 
40        100       139.276   2.11047   87.5232   2.57205   51.7425   0.980518  0.0105301 0.0196512 
40        100       139.929   2.53948   88.2065   3.08448   51.7054   0.890891  0.0168667 0.031682  
40        100       140.257   2.42305   88.779    2.87162   51.469    0.942038  0.009531360.0142103 
40        100       139.72    2.44558   87.9265   2.91165   51.7803   1.03186   0.0130135 0.0221278 
40        100       140.546   2.29768   88.9755   2.85044   51.5576   1.06021   0.0125002 0.0230315 
40        100       140.1     2.57836   88.3997   2.84417   51.6866   0.781645  0.0133081 0.0235146 
