40        60        125.713   2.78067   98.0973   3.00955   25.7348   0.695971  1.88124   0.596125  
40        60        126.014   3.0485    98.6197   3.39408   25.5074   0.878047  1.88665   0.717448  
40        60        125.838   2.19578   98.567    2.35227   25.5764   0.718403  1.6947    0.548064  
40        60        125.284   2.71382   97.7467   3.06061   25.7557   0.778119  1.78114   0.580699  
40        60        125.455   3.02561   98.078    3.40271   25.4811   0.834809  1.89564   0.699109  
40        60        125.915   2.83406   98.5223   3.22646   25.4898   0.936415  1.90273   0.685504  
40        60        125.177   2.74838   97.7636   2.86394   25.5694   0.830525  1.8443    0.75166   
40        60        125.28    2.31813   97.9167   2.55101   25.5065   0.807703  1.85722   0.780721  
40        60        126.223   3.20972   98.7219   3.29395   25.4826   0.882642  2.01825   0.930316  
40        60        125.956   2.57366   98.6549   2.75915   25.4387   0.706909  1.8625    0.621163  
