40        80        135.824   1.8095    93.9475   2.43955   41.8423   0.863265  0.0339781 0.0557397 
40        80        136.81    2.66992   95.0833   3.54167   41.7003   1.14517   0.0261057 0.0528807 
40        80        134.578   2.08083   92.6325   2.58585   41.8885   0.748697  0.0572587 0.0817519 
40        80        135.86    1.66771   94.1892   2.03443   41.6499   0.589256  0.0207355 0.0409868 
40        80        135.338   2.78731   93.6725   3.32525   41.6401   0.70818   0.0249842 0.0266984 
40        80        135.99    2.56275   94.7433   2.62665   41.2265   0.463044  0.0203025 0.0273995 
40        80        135.469   2.75788   93.6075   3.18048   41.8456   0.655174  0.016334  0.0177609 
40        80        135.626   3.72794   93.7733   4.6649    41.8454   1.04083   0.007086270.00878177
40        80        135.634   3.11303   93.8175   3.89867   41.8063   0.912276  0.0105552 0.0207526 
40        80        135.149   2.16867   93.1825   2.55427   41.9577   0.766882  0.008313760.0152827 
