60        100       144.207   2.07011   89.5021   2.70603   54.6474   1.11648   0.0579932 0.0890227 
60        100       144.087   1.87353   89.3859   2.4681    54.647    1.15702   0.0542538 0.0814013 
60        100       144.369   1.9165    89.7929   2.50126   54.5246   1.18279   0.0511895 0.0782576 
60        100       144.278   1.82193   89.8472   2.33469   54.3865   1.17139   0.0439166 0.0616093 
60        100       144.387   1.94981   89.9446   2.58297   54.3847   1.09204   0.0576416 0.0891944 
60        100       144.33    1.98479   89.8022   2.67022   54.4857   1.1044    0.0424973 0.0605048 
60        100       144.329   2.14411   89.8218   2.79554   54.4566   1.18065   0.0501108 0.0671587 
60        100       144.111   2.12102   89.4848   2.70825   54.5774   1.08071   0.049268  0.0980638 
60        100       144.041   1.88294   89.1879   2.4549    54.8044   1.10868   0.0484221 0.072399  
60        100       143.994   1.84398   89.4457   2.42657   54.4954   1.11944   0.0525867 0.111556  
