0         40        146.448   5.72622   88.0647   2.61202   5.79317   0.442672  52.5902   3.97093   
0         40        146.397   5.97808   87.9819   2.70252   5.80497   0.458302  52.6098   4.16133   
0         40        146.229   5.92759   87.9132   2.74592   5.78927   0.487206  52.527    4.0833    
0         40        146.326   5.65792   88.05     2.67897   5.78844   0.460938  52.4881   3.86376   
0         40        146.288   5.92099   88.0339   2.74556   5.807     0.471533  52.447    4.13257   
0         40        146.426   5.85633   87.9963   2.75203   5.81877   0.468042  52.6111   3.99781   
0         40        146.356   5.7625    87.9681   2.75785   5.79675   0.437411  52.5911   3.92537   
0         40        146.393   5.59989   88.0452   2.59354   5.81068   0.440727  52.5366   3.84162   
0         40        146.166   5.83456   87.935    2.60058   5.82701   0.44344   52.4037   4.13209   
0         40        146.191   5.81719   87.9998   2.62675   5.83725   0.444005  52.354    4.00813   
