0         60        136.318   4.95349   84.5455   2.58706   13.0103   0.692068  38.7621   3.5107    
0         60        136.09    4.91103   84.4138   2.58057   12.952    0.683337  38.724    3.4942    
0         60        135.632   4.94904   84.328    2.7482    13.0399   0.693164  38.2641   3.29759   
0         60        135.759   4.66857   84.2975   2.64158   13.0167   0.706376  38.4448   3.23886   
0         60        135.885   4.8484    84.4269   2.59074   12.9434   0.660881  38.5145   3.34119   
0         60        135.969   5.01401   84.3446   2.6755    13.0064   0.658567  38.6184   3.44074   
0         60        135.899   4.84199   84.299    2.57794   13.0127   0.67368   38.5877   3.3819    
0         60        135.464   4.76123   84.2259   2.63389   13.0499   0.66017   38.188    3.29357   
0         60        136.046   4.61482   84.4237   2.52612   13.0429   0.671714  38.5796   3.20938   
0         60        136.258   4.85831   84.3936   2.56674   12.9796   0.726287  38.8853   3.38911   
