0         40        146.786   6.1971    88.2992   2.71755   5.73185   0.461192  52.7545   4.37361   
0         40        145.569   6.42026   87.7078   2.84966   5.8918    0.51062   51.9693   4.36769   
0         40        145.781   5.64591   87.7029   2.66454   5.81872   0.434057  52.2593   3.91336   
0         40        146.794   6.45693   88.179    3.11116   5.78897   0.502634  52.8263   4.27004   
0         40        146.516   5.81838   87.9138   2.71349   5.79155   0.429748  52.8102   4.02729   
0         40        145.151   5.26159   87.5537   2.61286   5.88513   0.482132  51.7121   3.72381   
0         40        146.081   5.95798   87.7358   2.81915   5.86013   0.512536  52.4853   4.16803   
0         40        146.462   6.25934   88.3084   2.94735   5.7998    0.501551  52.354    4.34207   
0         40        146.486   5.12372   87.8718   2.43229   5.76281   0.419313  52.8515   3.63511   
0         40        147.155   5.56414   88.2617   2.42891   5.79358   0.408846  53.0995   3.96278   
