60        100       156.205   2.38298   94.4848   2.88447   61.72     0.708458  1.27411e-059.00931e-05
60        100       156.702   2.2661    95.0893   2.8695    61.6123   0.773237  0         0         
60        100       155.954   2.43801   94.1446   2.8445    61.8093   0.759926  0.0001549340.00109555
60        100       156.398   2.1565    94.7947   2.68808   61.6035   0.795595  0         0         
60        100       156.397   2.29685   94.5625   2.73255   61.835    0.770759  0         0         
60        100       156.588   2.45157   94.9408   2.9111    61.6473   0.914732  0         0         
60        100       155.911   2.18646   94.1152   2.69507   61.796    0.821234  0         0         
60        100       155.923   1.82667   94.069    2.23236   61.854    0.698486  0         0         
60        100       156.345   2.22234   94.6282   2.79017   61.7167   0.799992  0         0         
60        100       156.051   2.31179   94.1903   2.83822   61.8604   0.768687  0         0         
