60        80        157.103   2.04103   107.529   2.60421   49.5697   0.908874  0.004408550.0179698 
60        80        157.142   2.66449   107.549   3.50109   49.5925   1.13495   0.0005152990.00262703
60        80        156.79    2.41012   106.889   3.27327   49.898    1.10865   0.003173290.012907  
60        80        156.783   2.63222   106.99    3.36379   49.7761   1.00628   0.0167749 0.0510061 
60        80        157.4     2.38779   107.591   3.11309   49.8061   0.996566  0.002996820.0142561 
60        80        157.069   2.11047   107.283   2.74024   49.7844   0.914993  0.001763140.00760329
60        80        157.016   2.05101   107.113   2.70369   49.9025   0.893393  0.0007044030.00431004
60        80        157.231   1.77209   107.44    2.23121   49.7911   0.747338  0.0004142030.00207872
60        80        156.883   2.51171   106.908   3.1329    49.9742   0.883974  0.0002444840.00121444
60        80        156.896   2.23892   107.051   2.96816   49.8443   1.05735   0.0011353 0.00521474
