0         40        147.787   3.63683   88.665    2.95176   5.58512   0.434398  53.5371   3.33798   
0         40        144.666   6.75521   88.4083   3.24112   5.88016   0.583766  50.3774   4.73458   
0         40        149.626   3.75416   88.3867   1.63578   5.71257   0.264106  55.5271   2.75674   
0         40        148.876   2.96957   88.525    1.62079   5.64425   0.470975  54.7072   1.95986   
0         40        144.7     6.77066   86.9583   2.49883   5.76224   0.298637  51.9797   4.65447   
0         40        146.655   4.30706   87.3367   1.74189   5.77071   0.373001  53.5475   3.38832   
0         40        142.927   4.4741    85.9767   2.20794   5.69593   0.408483  51.2542   3.13206   
0         40        145.414   6.53685   88.3567   2.368     5.72605   0.362519  51.3309   4.63831   
0         40        147.444   5.0731    88.7667   1.57464   5.79544   0.371582  52.8824   4.0271    
0         40        145.398   4.63576   88.5283   1.90855   5.70423   0.304725  51.1655   3.46082   
