20        40        124.616   3.66746   106.05    3.08738   11.6072   0.611012  6.95908   1.48276   
20        40        124.757   3.23505   105.981   2.69873   11.5249   0.641825  7.25113   1.67458   
20        40        125.223   3.34248   106.336   2.8966    11.461    0.612153  7.42651   1.49283   
20        40        124.994   3.4159    106.008   2.58232   11.4826   0.644274  7.50397   1.87224   
20        40        124.746   3.65108   105.772   2.7493    11.6266   0.696815  7.34642   1.85859   
20        40        124.869   4.29731   106.144   3.33752   11.6344   0.683648  7.09048   1.93864   
20        40        125.235   3.9123    106.508   3.31124   11.4467   0.664849  7.27995   1.64036   
20        40        124.121   4.02986   105.668   3.24352   11.5743   0.698864  6.87871   1.90034   
20        40        124.834   3.35011   106.107   2.543     11.529    0.772496  7.19745   1.85076   
20        40        125.105   3.49179   106.208   2.67905   11.3242   0.635961  7.57229   1.66979   
