20        80        122.142   1.50779   88.9567   2.09655   31.8114   0.960779  1.37366   0.369427  
20        80        121.781   1.97741   88.9067   2.1619    31.517    0.367437  1.35762   0.27694   
20        80        118.24    2.56288   84.5767   2.99152   32.4949   0.565206  1.16802   0.272297  
20        80        120.8     2.98532   86.8317   3.29387   32.8271   1.24761   1.14115   0.419492  
20        80        119.554   2.08464   85.995    2.3163    32.4056   0.808282  1.1537    0.483016  
20        80        121.814   2.34229   87.8567   2.65386   32.3669   0.79242   1.59002   0.503364  
20        80        120.349   1.80061   87.09     2.26622   31.8795   1.0664    1.38001   0.502303  
20        80        120.116   2.39098   87.135    2.64704   31.5453   1.30232   1.43596   0.476328  
20        80        118.65    1.76832   85.2533   2.23104   32.0523   0.679643  1.34442   0.577078  
20        80        122.176   4.22465   88.9717   4.59152   31.8199   0.648202  1.38445   0.301343  
