20        100       127.121   3.00021   82.806    2.69507   36.5338   1.18619   7.7817    1.60138   
20        100       127.05    2.91022   83.2938   2.70805   36.3351   1.10729   7.42105   1.42387   
20        100       127.034   3.16792   82.9455   2.76053   36.37     1.43758   7.7189    1.88375   
20        100       127.191   3.46815   83.2058   2.84316   36.3668   1.05508   7.61855   1.65546   
20        100       126.874   2.95826   83.0105   2.88568   36.5395   1.11425   7.32393   1.37614   
20        100       126.9     3.28668   82.897    2.93922   36.5815   1.16715   7.42164   1.71184   
20        100       127.172   2.72437   83.3825   2.59255   36.0106   1.14912   7.77889   1.52077   
20        100       127.545   2.72765   83.7033   2.52121   36.2758   1.2384    7.56584   1.57585   
20        100       126.657   2.64864   82.655    2.36309   36.7214   0.924096  7.28012   1.39653   
20        100       126.65    3.21845   82.841    2.78663   36.5492   1.07098   7.26006   1.57855   
