20        100       127.698   2.73053   84.6861   3.123     42.0006   1.35307   1.01141   0.359686  
20        100       127.615   2.51561   84.7646   2.84867   41.8715   1.17489   0.979053  0.400194  
20        100       127.869   2.25966   84.9431   2.37942   41.9243   0.961868  1.00131   0.316435  
20        100       127.748   2.32547   84.9191   2.67518   41.7561   1.15121   1.07262   0.416374  
20        100       127.474   2.30256   84.5277   2.57477   41.9437   0.963671  1.00267   0.364789  
20        100       127.389   2.551     84.5197   2.86326   41.8643   1.17684   1.00488   0.377276  
20        100       127.416   2.32547   84.4868   2.60123   41.9466   1.08704   0.982893  0.395478  
20        100       127.756   2.48912   84.863    2.82318   41.8449   1.13262   1.04777   0.393696  
20        100       127.768   2.62996   84.9133   2.89429   41.8382   1.0924    1.01632   0.387201  
20        100       127.728   2.48937   84.7724   2.72022   41.963    1.08784   0.992528  0.329161  
