135.815   1.34951   106.496   1.82764   28.7282   0.666504  0.591088  0.301123  
135.876   1.8119    106.173   2.72638   29.0861   1.31027   0.616679  0.382286  
135.643   1.98344   106.338   2.59707   28.7268   1.10141   0.577848  0.426568  
135.138   1.96938   104.836   2.41882   29.7278   0.80593   0.573937  0.320831  
136.25    1.64834   106.901   2.15058   28.6234   0.843493  0.725818  0.406014  
136.15    2.0147    106.903   2.41595   28.4457   0.991719  0.800748  0.606166  
135.386   1.61643   105.941   1.8692    29.0083   0.607301  0.436639  0.189368  
135.494   1.86851   105.853   2.44328   29.142    1.04437   0.499004  0.402205  
135.615   0.966451  105.978   1.53969   28.9812   0.865963  0.654945  0.294081  
134.991   0.894621  105.066   1.30037   29.4046   0.537141  0.520293  0.405576  
