20        80        121.562   2.47943   85.16     2.0877    26.7358   0.909686  9.66673   1.27449   
20        80        119.747   2.82105   84.2167   2.625     26.7343   1.15524   8.79651   1.43899   
20        80        121.708   4.85627   85.2108   3.65184   26.7912   1.15235   9.70582   2.00179   
20        80        121.524   2.65361   85.445    2.73131   26.7582   1.3904    9.32128   1.50181   
20        80        121.294   3.21347   85.5567   2.87001   26.9326   0.9653    8.80493   2.06056   
20        80        121.263   2.67933   84.6317   2.63095   26.494    0.904062  10.1377   0.977225  
20        80        122.214   2.98869   85.4242   2.136     26.5429   1.03524   10.2469   1.42206   
20        80        122.313   2.38339   86.0142   2.51489   27.3075   0.675278  8.99159   1.90098   
20        80        120.719   1.92886   84.43     1.67938   26.243    0.865085  10.046    1.86715   
20        80        119.583   5.51655   83.5633   4.1649    26.9741   1.36488   9.04547   2.78304   
