60        80        143.852   2.5085    98.8527   2.98845   44.9253   0.940622  0.0742394 0.107958  
60        80        143.868   2.6336    98.8364   3.12899   44.9606   0.876662  0.0713815 0.102895  
60        80        143.824   2.2962    98.7521   2.76773   44.9884   0.922674  0.0835229 0.115128  
60        80        143.849   2.57318   98.8542   3.0968    44.9169   0.941753  0.0779749 0.107676  
60        80        143.861   2.38566   98.886    2.82453   44.8968   0.923081  0.0785653 0.103766  
60        80        143.829   2.46092   98.7879   2.97821   44.9692   0.900832  0.071806  0.0977217 
60        80        143.967   2.6586    99.0303   3.18407   44.8636   0.936752  0.0726777 0.110341  
60        80        143.792   2.58909   98.781    3.08838   44.9309   0.913054  0.0797558 0.111054  
60        80        143.966   2.5077    98.9425   3.02842   44.9489   0.936217  0.0749909 0.100226  
60        80        143.937   2.4597    98.9114   2.94437   44.9481   0.899858  0.0779329 0.112006  
