40        100       138.885   2.73512   87.155    3.13249   51.7025   1.03561   0.0269673 0.0544673 
40        100       140.982   2.45232   89.7108   2.40496   51.2616   0.904152  0.010013  0.0127526 
40        100       139.663   3.45004   88.0983   4.36726   51.5462   1.10642   0.0183433 0.0376689 
40        100       140.097   1.67757   88.1925   2.32158   51.9037   1.05748   0.001082960.00245904
40        100       138.936   1.85311   87.5983   1.93537   51.3286   0.750434  0.009377950.0116124 
40        100       139.275   1.44818   87.6775   1.92998   51.5831   1.1532    0.0147861 0.0415112 
40        100       141.059   1.84842   89.6058   2.22185   51.443    0.571874  0.0104899 0.022413  
40        100       140.014   2.30036   88.7475   2.89875   51.2357   1.16797   0.0309097 0.0332514 
40        100       139.71    3.02392   88.2025   3.56548   51.4895   1.02221   0.0183773 0.0306343 
40        100       139.54    2.58199   87.2442   3.29022   52.2798   0.871147  0.0161161 0.0167716 
