60        100       156.169   2.84134   94.4352   3.47838   61.7333   0.879049  0         0         
60        100       156.52    2.42566   94.9555   2.99579   61.5642   0.854652  1.25472e-050.000125472
60        100       156.447   2.36558   94.8846   2.91461   61.5622   0.797724  0         0         
60        100       156.16    2.42878   94.3103   2.8827    61.8498   0.811455  2.09745e-050.000209745
60        100       156.159   2.6605    94.4199   3.23403   61.739    0.873646  0         0         
60        100       156.294   2.33171   94.6759   2.92855   61.6175   0.848163  0.0002459140.00172857
60        100       156.205   2.64671   94.5387   3.19771   61.6664   0.780119  4.88949e-050.000452968
60        100       156.155   2.50958   94.3868   3.04211   61.7681   0.828394  0.0002023510.00202351
60        100       156.029   2.09617   94.3675   2.46606   61.6618   0.734907  0         0         
60        100       156.758   2.65147   95.1014   3.22954   61.6567   0.835036  0.000105030.000950597
