20        100       126.692   2.40262   82.2442   1.97027   37.0532   0.766174  7.3942    1.35781   
20        100       127.251   2.85774   83.495    3.0052    37.0173   1.13785   6.73836   1.12202   
20        100       128.168   2.96654   84.3483   2.98055   35.8553   1.33983   7.96486   1.78415   
20        100       128.565   3.26997   84.4458   2.99551   36.0123   1.59776   8.10733   1.84298   
20        100       126.572   3.92486   82.725    3.10326   36.793    1.42248   7.05427   2.07479   
20        100       127.089   2.61639   83.1633   2.0389    36.5593   0.656911  7.36594   1.34094   
20        100       127.373   3.52077   83.1592   2.34132   36.6129   0.660863  7.60065   1.54416   
20        100       127.389   1.95656   83.2425   1.59535   36.1279   1.29691   8.01826   1.42626   
20        100       127.708   3.973     83.3767   3.13609   36.2022   1.56656   8.12924   2.38809   
20        100       128.849   3.87836   84.8083   3.01774   35.402    1.23313   8.63864   1.73499   
