20        80        121.957   2.34299   88.815    2.35739   31.7524   1.05213   1.38935   0.431022  
20        80        120.485   2.45055   86.9683   2.68063   32.236    0.667724  1.28062   0.313463  
20        80        121.149   2.11065   88.0333   2.54354   31.9906   0.942751  1.12555   0.495379  
20        80        120.076   3.04537   86.2267   3.21266   32.8094   0.586209  1.04007   0.255873  
20        80        121.255   2.77608   88.0458   2.89321   31.8309   0.634904  1.3786    0.389305  
20        80        120.39    2.01341   87.0158   2.17107   32.1976   0.901508  1.17692   0.367179  
20        80        120.696   2.29469   87.2692   2.78824   32.2246   0.974056  1.20196   0.47508   
20        80        121.429   1.83853   87.9683   2.14168   32.3306   0.942694  1.13028   0.342278  
20        80        121.553   2.04252   88.4833   1.9987    31.8797   0.795972  1.19035   0.378953  
20        80        122.272   1.94097   88.9792   1.88009   31.8009   0.825681  1.49206   0.375498  
