40        80        137.948   1.71391   96.53     2.20595   41.3566   0.778903  0.0609391 0.078916  
40        80        134.907   1.93296   93.5083   2.24348   41.3425   0.400805  0.0557919 0.056166  
40        80        135.789   2.07242   94.4333   2.8578    41.3161   0.958489  0.0397929 0.0452156 
40        80        135.661   1.68808   94.2833   1.74749   41.3634   0.288957  0.0141349 0.0190347 
40        80        136.475   1.24059   94.8283   1.35136   41.642    0.303383  0.005056510.0106021 
40        80        136.552   3.11874   94.975    3.83739   41.5371   0.746574  0.0400962 0.0337461 
40        80        134.49    2.86411   92.36     3.44218   42.1034   0.685366  0.0267687 0.0249377 
40        80        134.196   2.36139   92.1217   2.31419   42.0538   0.5       0.0205274 0.0344986 
40        80        137.192   2.42021   95.9133   2.06794   41.2381   0.420426  0.0409019 0.0500145 
40        80        134.495   0.646505  92.51     1.14479   41.9739   0.678744  0.0115726 0.0162789 
