60        80        143.829   3.17242   98.3875   3.90001   45.4204   0.951744  0.0210676 0.0320388 
60        80        143.971   1.91531   99.1217   2.66862   44.8013   0.896318  0.0482884 0.0630363 
60        80        144.351   2.04337   99.6975   2.62533   44.5748   0.872516  0.0785306 0.0819074 
60        80        144.464   2.34113   99.8208   2.71298   44.5087   1.13096   0.134914  0.184254  
60        80        143.469   1.60349   98.7133   2.5052    44.6818   0.976059  0.0735404 0.0824169 
60        80        143.444   3.01184   98.505    3.22305   44.8549   0.879083  0.0839748 0.111186  
60        80        145.08    2.6987    100.502   3.42909   44.4823   1.20968   0.0953234 0.119817  
60        80        143.959   3.31191   99.185    4.0038    44.6731   1.04156   0.101168  0.136029  
60        80        143.551   3.11275   98.74     3.90357   44.7271   1.14602   0.0837993 0.0858413 
60        80        143.248   1.97379   98.1842   3.15224   45.0222   1.27816   0.0417906 0.0551883 
