20        100       127.736   2.3435    84.8853   2.60645   41.8152   1.04562   1.0353    0.371644  
20        100       127.864   2.5081    85.0005   2.78658   41.8367   1.06484   1.02686   0.365023  
20        100       127.691   2.47108   84.7981   2.73587   41.879    1.07491   1.01387   0.371452  
20        100       127.578   2.4454    84.694    2.68326   41.8724   1.06349   1.0113    0.35122   
20        100       127.785   2.46742   84.8625   2.71924   41.9284   1.06084   0.994137  0.359926  
20        100       127.54    2.36774   84.6434   2.64764   41.8803   1.06225   1.01631   0.369645  
20        100       127.489   2.37809   84.5855   2.65152   41.9325   1.10161   0.970595  0.363589  
20        100       127.519   2.33793   84.5948   2.65954   41.9268   1.07176   0.997256  0.351907  
20        100       127.673   2.48482   84.8274   2.7409    41.8447   1.03157   1.00109   0.337897  
20        100       127.445   2.52463   84.5419   2.79278   41.8971   1.11112   1.00603   0.366824  
