40        80        136.205   2.72414   94.5332   3.31989   41.6384   0.940005  0.0335298 0.061166  
40        80        136.338   2.42015   94.62     2.90265   41.6904   0.86915   0.0277548 0.045528  
40        80        135.794   2.52361   93.9058   2.99713   41.8752   0.770448  0.0131461 0.0204885 
40        80        134.867   2.49285   92.7103   3.00648   42.1331   0.770552  0.0234319 0.0495136 
40        80        135.832   2.41884   93.8613   2.75139   41.9352   0.733448  0.0356929 0.0584481 
40        80        135.428   2.65706   93.8163   3.18078   41.5911   0.810191  0.0203531 0.0255516 
40        80        136.213   2.40985   94.5487   2.9415    41.6208   0.876547  0.0440318 0.0686183 
40        80        135.905   2.86628   94.1682   3.37467   41.7072   0.808517  0.0294797 0.0596442 
40        80        135.919   2.52361   94.1578   3.07122   41.7387   0.901565  0.0223596 0.0348898 
40        80        135.757   2.54124   94.0382   2.97984   41.699    0.773443  0.0202717 0.0292493 
