0         60        135.824   5.30163   84.3039   2.9055    13.0278   0.702993  38.4922   3.39993   
0         60        136.046   4.6741    84.0238   2.65979   13.0249   0.680404  38.9975   3.11339   
0         60        135.783   5.24441   84.3213   2.92067   12.9883   0.707874  38.4731   3.36587   
0         60        135.764   4.812     83.8735   2.39634   12.9739   0.718098  38.9167   3.40742   
0         60        135.953   5.29544   84.2516   2.88719   13.0028   0.654572  38.698    3.36875   
0         60        135.337   5.18423   84.0488   2.7288    13.0884   0.715111  38.1997   3.56237   
0         60        136.541   5.25895   84.9524   2.88664   12.9195   0.758254  38.6694   3.46922   
0         60        136.472   4.92174   84.5536   2.54269   12.9962   0.731935  38.922    3.42937   
0         60        136.105   4.94694   84.5146   2.50819   12.9921   0.800329  38.5989   3.61406   
0         60        135.951   4.89137   84.2442   2.77718   12.9938   0.719785  38.713    3.1947    
