0         80        119.649   2.45626   82.01     2.5741    25.2613   1.34466   12.3774   1.3891    
0         80        120.757   3.08411   83.275    2.83791   24.4455   0.977312  13.037    1.56493   
0         80        122.656   4.02483   84.88     3.51892   24.4298   0.949821  13.3466   1.35734   
0         80        122.299   4.92423   84.7      3.95285   24.1051   1.02582   13.4937   1.83913   
0         80        120.278   3.54436   82.3333   2.65496   24.4795   1.10347   13.4647   1.46011   
0         80        120.733   4.74403   83.185    3.3455    24.8473   0.515684  12.7006   1.85723   
0         80        119.541   2.50234   81.5367   1.8903    25.0103   0.965468  12.9936   1.61029   
0         80        120.716   1.27858   83.24     1.49805   24.4114   0.790878  13.0644   1.59434   
0         80        119.697   2.5541    81.9      2.61456   25.0426   0.968687  12.7542   0.774098  
0         80        123.651   2.08698   84.79     2.04491   24.5398   0.797143  14.3214   0.981425  
