20        80        121.136   2.44536   87.7829   2.72417   31.9168   0.929066  1.43633   0.400384  
20        80        121.065   2.46157   87.6451   2.61141   32.1014   0.729626  1.31896   0.349859  
20        80        120.924   2.47462   87.4295   2.70416   32.2474   0.78797   1.2469    0.361962  
20        80        121.093   2.64121   87.6191   2.79825   32.1676   0.849372  1.30612   0.397553  
20        80        120.843   2.36237   87.5134   2.65849   31.9727   0.851553  1.3573    0.40509   
20        80        120.767   2.46849   87.3638   2.70381   32.1254   0.835414  1.27729   0.382627  
20        80        121.522   2.75424   88.2634   3.03307   31.9102   0.922374  1.34818   0.460186  
20        80        121.013   2.63116   87.7279   2.86557   31.9427   0.882811  1.34245   0.39198   
20        80        121.302   2.57219   87.976    2.86039   32.0125   0.857969  1.3134    0.382857  
20        80        120.359   2.2108    86.964    2.50139   32.1237   0.934106  1.27096   0.41332   
