20        100       126.996   2.9632    83.0317   2.66199   36.4544   1.16526   7.51024   1.58986   
20        100       127.061   3.08886   83.1179   2.6799    36.4732   1.17915   7.46957   1.67007   
20        100       127.023   3.11374   82.9808   2.73989   36.4473   1.09185   7.59529   1.63066   
20        100       126.856   3.03619   82.8809   2.66453   36.5138   1.11725   7.46104   1.57668   
20        100       126.955   3.09745   83.0419   2.62169   36.4174   1.0942    7.4958    1.66073   
20        100       127.113   3.02196   83.0762   2.70419   36.5088   1.16886   7.52847   1.62669   
20        100       126.932   2.92371   82.9498   2.54666   36.5484   1.14417   7.43349   1.63942   
20        100       126.919   3.48328   82.936    3.1491    36.4474   1.18472   7.53602   1.60519   
20        100       127.04    3.06771   83.01     2.62341   36.5324   1.11652   7.49772   1.66412   
20        100       126.923   3.14241   82.9658   2.74136   36.4644   1.14433   7.49274   1.6606    
