0         100       126.699   3.29037   82.2575   3.12944   33.9305   1.00187   10.511    1.21207   
0         100       127.712   3.01421   82.9918   2.60604   33.9527   0.927154  10.7676   1.31113   
0         100       127.537   2.75903   82.9918   2.50471   33.5402   1.11654   11.0053   1.18159   
0         100       127.142   3.52777   82.6218   3.15228   33.7616   1.00885   10.7585   1.12544   
0         100       126.746   3.63251   82.3542   3.19638   33.8741   1.12938   10.5177   1.25368   
0         100       126.813   3.17697   82.5292   2.92399   33.6919   1.15206   10.5915   1.1523    
0         100       127.323   3.33484   82.7087   3.02856   33.6248   1.15979   10.9896   1.21977   
0         100       126.616   2.91351   82.123    2.54287   34.0077   1.20374   10.4858   1.20021   
0         100       127.402   2.84215   82.8487   2.54938   33.8042   1.13213   10.7493   1.07926   
0         100       126.922   3.13839   82.4868   2.82245   33.7817   1.23991   10.6537   1.32268   
