20        60        118.26    3.09927   88.5083   2.18169   17.2476   0.696409  12.5036   1.63706   
20        60        117.335   4.28706   87.515    2.63243   17.6787   0.808471  12.1413   2.39095   
20        60        118.723   3.24489   88.765    1.18503   17.4259   0.44545   12.5321   2.46055   
20        60        120.128   4.31205   88.765    3.24323   17.4632   0.781035  13.9001   2.0106    
20        60        120.025   4.54771   88.8267   2.62742   17.3813   0.491194  13.8173   2.67422   
20        60        115.61    2.14922   85.9667   1.7796    17.8043   0.263549  11.8386   2.11943   
20        60        116.406   2.36676   86.72     2.03509   17.4474   0.832865  12.2387   1.05262   
20        60        120.019   1.98677   89.9917   1.3084    16.449    0.516394  13.5782   1.00383   
20        60        118.958   3.44658   88.275    2.07736   18.1451   0.905138  12.5376   2.12501   
20        60        117.261   4.84446   87.985    2.95887   17.8298   0.709735  11.4467   2.63531   
