40        60        125.727   2.72633   98.3534   2.99565   25.5072   0.830251  1.86631   0.675268  
40        60        125.775   2.92782   98.385    3.19412   25.4948   0.832398  1.89557   0.669087  
40        60        125.695   2.73733   98.2838   3.01566   25.5549   0.872402  1.8559    0.684527  
40        60        125.612   2.74209   98.2149   3.02064   25.5431   0.86465   1.85436   0.688206  
40        60        125.705   2.70289   98.2959   2.98023   25.5577   0.846165  1.85177   0.670451  
40        60        125.615   2.92474   98.1919   3.26547   25.5758   0.913088  1.84774   0.678406  
40        60        125.859   2.7053    98.4342   2.94539   25.5303   0.847643  1.89459   0.714947  
40        60        125.602   2.76429   98.1686   3.012     25.5483   0.847422  1.88519   0.723416  
40        60        125.63    2.76193   98.1841   3.01566   25.5673   0.865012  1.87873   0.738021  
40        60        125.52    2.89893   98.131    3.16481   25.5724   0.887807  1.81624   0.717931  
