0         100       127.276   3.77492   82.5033   3.55988   33.5286   1.15432   11.2443   1.02521   
0         100       127.298   1.78244   82.7225   1.92458   34.3498   0.82706   10.2252   0.679024  
0         100       126.6     2.93624   82.1692   2.63227   34.0089   1.12002   10.4218   0.780242  
0         100       125.983   1.949     81.6258   1.86874   33.8619   1.10975   10.4954   0.963098  
0         100       128.062   2.67414   83.6025   2.69774   33.8      1.36641   10.6593   1.11304   
0         100       127.2     2.5944    82.7975   2.64985   33.7485   1.29032   10.6536   0.936856  
0         100       126.683   2.11927   82.2642   1.83073   33.8312   0.788095  10.5878   0.623697  
0         100       126.812   3.395     82.4758   3.21104   33.9449   1.27058   10.3911   1.55459   
0         100       127.27    2.40551   83.0167   1.98388   33.454    0.537746  10.7992   0.75196   
0         100       127.292   4.04081   82.5533   3.34244   33.6987   0.872579  11.04     1.34971   
