20        60        117.82    2.80016   93.6072   2.86304   22.2643   0.641358  1.94821   0.538819  
20        60        117.665   2.61068   93.4115   2.92391   22.3405   0.862464  1.91332   0.546196  
20        60        117.832   2.68883   93.4245   3.00977   22.3752   0.821843  2.03185   0.531577  
20        60        118.104   2.61768   93.7824   2.74494   22.3189   0.68661   2.00307   0.501225  
20        60        118.016   2.84134   93.6741   2.93124   22.2733   0.758891  2.06899   0.623429  
20        60        117.985   2.71011   93.8288   2.79881   22.2586   0.65424   1.89722   0.479585  
20        60        117.724   2.71314   93.4531   2.94446   22.3348   0.718565  1.93656   0.472831  
20        60        117.287   2.84179   92.9455   2.98195   22.4353   0.667761  1.90664   0.558739  
20        60        117.643   2.91569   93.3243   3.23793   22.3458   0.875901  1.9724    0.57099   
20        60        117.971   2.797     93.6625   2.95953   22.2731   0.731274  2.03578   0.583771  
