0         40        126.488   4.78806   93.2494   3.11653   7.39643   0.471593  25.8426   2.31234   
0         40        126.391   4.56601   93.2725   3.08221   7.32842   0.48542   25.7906   2.17787   
0         40        125.658   3.90496   92.717    2.8389    7.41883   0.388971  25.5226   1.81539   
0         40        125.255   4.45006   92.411    3.01898   7.44838   0.51171   25.3958   2.13242   
0         40        125.539   4.11053   92.5637   2.86304   7.38129   0.418874  25.5945   2.05294   
0         40        125.399   4.41116   92.3688   2.97453   7.4349    0.462474  25.5952   2.19733   
0         40        125.164   3.86629   92.3817   2.62395   7.39167   0.437461  25.3907   1.97037   
0         40        124.985   4.97291   92.2303   3.40065   7.44418   0.48812   25.3106   2.23855   
0         40        126.223   3.83482   92.9564   2.65528   7.35994   0.429266  25.9061   1.88886   
0         40        126.13    3.7398    93.0371   2.65932   7.38845   0.405952  25.7044   1.75266   
