0         80        121.329   2.79052   83.8357   2.41804   24.612    0.851099  12.8809   1.00103   
0         80        121.939   3.29444   84.161    2.6895    24.5959   0.952976  13.1821   1.39522   
0         80        122.223   3.21131   84.3448   2.76999   24.4105   0.909838  13.4672   1.34531   
0         80        121.988   2.76342   84.2572   2.5575    24.853    0.769128  12.8776   0.919372  
0         80        121.682   2.88469   83.774    2.46661   24.6719   0.853928  13.2365   1.28439   
0         80        121.656   3.04033   83.8158   2.62385   24.4598   0.900481  13.3804   1.32052   
0         80        121.362   2.95933   83.7825   2.75278   24.5081   0.939242  13.071    1.2526    
0         80        121.497   2.96127   83.9454   2.74501   24.4574   0.83755   13.0943   1.07717   
0         80        122.124   3.62865   84.4515   3.08769   24.619    0.934647  13.0539   1.43385   
0         80        122.032   3.32085   84.3473   2.75475   24.5138   0.72947   13.1706   1.24038   
