20        80        121.061   2.95372   87.7934   3.3014    31.9972   0.942377  1.2705    0.465708  
20        80        120.631   2.45001   87.4613   2.7308    31.8347   0.982305  1.33463   0.476861  
20        80        121.547   1.94897   88.24     2.11771   32.0201   0.914514  1.28639   0.325613  
20        80        121.106   2.33758   87.8333   2.59955   31.8564   0.986557  1.4164    0.472255  
20        80        120.962   2.54425   87.661    2.92247   31.84     0.952641  1.46134   0.403415  
20        80        120.796   2.42516   87.3947   2.59267   32.0973   0.862151  1.30373   0.371903  
20        80        121.081   2.66951   87.7402   3.06259   31.9595   0.922845  1.38166   0.39949   
20        80        121.432   2.98359   88.0422   3.25255   32.0452   0.854675  1.34507   0.440946  
20        80        121.978   2.25227   88.8273   2.47384   31.6966   0.926552  1.4542    0.485313  
20        80        120.402   2.69802   87.053    2.96955   32.0463   0.912114  1.30236   0.422906  
