40        80        125.48    2.28636   89.1739   2.70372   34.9412   1.09391   1.36506   0.563841  
40        80        125.51    2.26457   89.1302   2.6002    35.0294   1.09551   1.35061   0.611148  
40        80        125.429   2.33793   89.0834   2.67063   34.9824   1.01904   1.36303   0.563027  
40        80        125.625   2.36817   89.3132   2.84309   34.9367   1.17894   1.37551   0.596951  
40        80        125.49    2.28263   89.1441   2.6376    34.983    1.0888    1.36307   0.610519  
40        80        125.461   2.1692    89.144    2.53443   34.9237   1.03357   1.39341   0.595835  
40        80        125.522   2.48422   89.1951   2.87027   34.96     1.07485   1.36706   0.560888  
40        80        125.671   2.4729    89.3806   2.80539   34.9226   1.06331   1.36732   0.599856  
40        80        125.421   2.38272   88.9501   2.70743   35.0866   1.05889   1.38415   0.603861  
40        80        125.538   2.22709   89.2647   2.56577   34.9141   1.04244   1.35888   0.616046  
