0         100       127.458   2.52912   82.8797   2.30954   33.9698   1.13272   10.6081   1.19902   
0         100       127.06    2.83422   82.5308   2.5728    33.9671   1.05      10.5617   1.15938   
0         100       127.247   2.78025   82.7498   2.57611   33.7777   1.12022   10.7194   1.12192   
0         100       127.234   3.2627    82.7226   2.92941   33.7727   1.20188   10.7391   1.29744   
0         100       126.783   2.70988   82.3068   2.51209   33.9371   1.06741   10.5388   1.08938   
0         100       127.016   3.01658   82.3704   2.7086    33.9053   1.24408   10.7406   1.39737   
0         100       126.844   3.21828   82.3737   2.76614   33.7296   1.11106   10.7403   1.37821   
0         100       126.873   3.20334   82.4522   3.12967   33.7883   1.26341   10.6325   1.28197   
0         100       126.988   3.03057   82.5747   2.78683   33.858    1.03307   10.5557   1.03218   
0         100       127.214   3.02181   82.6658   2.75974   33.8837   1.10454   10.6641   1.15087   
