60        80        143.935   2.57415   99.0136   3.17831   44.8489   0.957839  0.072253  0.0824484 
60        80        143.78    2.22616   98.6835   2.8122    45.0335   0.98369   0.0631446 0.0934671 
60        80        144.016   2.91937   98.9782   3.47829   44.9791   0.91166   0.0587212 0.0914599 
60        80        143.967   2.3309    98.9429   2.93877   44.9572   0.980878  0.0673036 0.0890504 
60        80        143.951   2.20049   99.0963   2.74747   44.7829   0.933303  0.0714061 0.0880848 
60        80        144.067   2.57219   99.1154   3.18803   44.8673   0.945651  0.0838826 0.11805   
60        80        143.892   2.32303   98.9913   2.89581   44.8167   0.924382  0.0841006 0.111746  
60        80        144.222   2.17132   99.2272   2.63906   44.926    0.960472  0.0691967 0.1099    
60        80        143.91    2.62274   98.8552   3.11704   44.9802   0.928811  0.074831  0.119739  
60        80        143.997   2.48861   99.1133   3.11116   44.8138   0.964162  0.069347  0.0837314 
