20        40        126.161   4.22336   97.5682   2.93879   9.08643   0.431422  19.5066   2.41617   
20        40        125.541   4.06061   98.1195   2.92443   9.0396    0.528141  18.3819   2.18426   
20        40        125.836   3.7985    97.8648   2.47822   8.97104   0.485485  19.0005   2.29255   
20        40        125.648   4.61033   98.3689   3.12148   9.0581    0.607873  18.2207   2.57845   
20        40        124.333   3.23958   97.0978   2.34004   9.17059   0.540676  18.0641   1.97321   
20        40        124.363   4.30116   97.1007   3.12311   9.16535   0.570975  18.097    2.46631   
20        40        124.745   3.42299   97.3763   2.55276   9.13237   0.478169  18.2364   2.09431   
20        40        124.403   3.84738   97.0928   2.80386   9.19201   0.518761  18.1182   2.24276   
20        40        124.232   4.44553   96.8253   3.20196   9.20449   0.605137  18.2019   2.38352   
20        40        125.781   4.27842   97.8673   2.85524   9.05031   0.5317    18.8633   2.45426   
