40        60        136.894   2.18897   106.723   2.70085   29.8903   0.853203  0.280559  0.246668  
40        60        136.902   2.33085   106.711   2.88455   29.9167   0.913979  0.274448  0.234386  
40        60        137.04    2.32827   106.858   2.89166   29.92     0.918797  0.261868  0.241801  
40        60        136.935   2.43266   106.749   2.961     29.9301   0.899649  0.255525  0.209225  
40        60        136.972   2.31099   106.773   2.89357   29.9109   0.944774  0.28823   0.263599  
40        60        137.152   2.33729   107.025   2.85785   29.8548   0.883246  0.272255  0.225584  
40        60        136.81    2.25614   106.553   2.84221   29.9991   0.906584  0.258549  0.220168  
40        60        136.872   2.5097    106.644   3.11181   29.9616   0.925047  0.26666   0.228764  
40        60        137.019   2.41862   106.805   2.99381   29.9479   0.90444   0.265469  0.232824  
40        60        136.805   2.40407   106.579   2.99365   29.9622   0.947818  0.263524  0.22406   
