60        100       155.345   2.97355   93.3267   3.78147   62.0182   1.11823   0         0         
60        100       156.579   2.44523   95.095    2.74352   61.4844   0.714131  0         0         
60        100       155.381   1.85545   93.4608   2.57053   61.9201   0.948546  0         0         
60        100       157.298   2.25924   95.8458   2.49809   61.4517   0.750868  0         0         
60        100       156.874   1.8186    95.3142   1.94856   61.5599   0.639756  0         0         
60        100       156.387   2.1303    94.9608   2.84998   61.426    1.04707   0         0         
60        100       157.375   2.52934   96.0317   2.91086   61.343    0.68497   0         0         
60        100       156.152   2.76385   94.5717   3.35436   61.5803   0.9572    0         0         
60        100       155.885   2.65296   94.1858   2.98113   61.6992   0.709558  0         0         
60        100       155.189   1.45297   93.4242   1.48312   61.7649   0.640095  0         0         
