40        100       139.835   4.00561   88.145    4.49566   51.6712   0.854103  0.0187917 0.0362264 
40        100       141.26    2.25087   89.5983   2.07289   51.6566   0.729036  0.005323490.00910942
40        100       141.978   1.51103   90.395    1.99095   51.5478   1.12619   0.035543  0.0373621 
40        100       141.158   0.279509  89.38     0.828567  51.7593   0.775447  0.0188328 0.0201954 
40        100       137.78    3.52142   85.3233   4.43519   52.4242   1.16309   0.0323837 0.0651843 
40        100       140.408   2.59243   88.26     3.13452   52.1362   0.806165  0.0119971 0.0120866 
40        100       139.224   1.86298   87.8667   1.63936   51.3227   0.295226  0.0350538 0.0443687 
40        100       140.162   2.26557   88.9267   2.33289   51.2317   0.509672  0.003558730.00487439
40        100       141.163   2.41819   89.31     2.40949   51.8416   0.523845  0.0116256 0.0187861 
40        100       138.437   0.943729  85.935    1.56967   52.4797   0.859943  0.0219841 0.0342808 
