0         60        119.674   5.40489   87.5183   4.03403   15.6086   0.547739  16.5471   1.99259   
0         60        119.455   3.21951   86.08     1.79109   15.5912   0.697241  17.7837   2.09473   
0         60        117.655   3.49805   85.3333   2.9044    15.866    0.820312  16.4557   1.39633   
0         60        121.782   2.45864   88.8167   2.27654   15.6737   0.30738   17.2919   0.536111  
0         60        120.77    2.11856   86.5033   2.10909   15.201    0.478575  19.0661   0.529726  
0         60        120.486   2.53953   87.5583   2.40808   15.1381   0.676041  17.7891   1.03684   
0         60        120.619   1.78426   87.8967   1.69645   15.8161   0.350214  16.9059   0.858789  
0         60        118.705   2.13829   86.2833   2.00195   15.8265   0.869788  16.5951   1.21688   
0         60        119.027   3.53802   86.3633   2.66579   15.5078   0.80883   17.1554   1.45137   
0         60        122.001   2.66524   87.8817   1.60139   15.0836   0.470764  19.0357   1.96518   
