40        100       131.618   2.39446   85.6378   2.88093   44.9251   1.20035   1.05535   0.581446  
40        100       131.97    2.14405   86.1028   2.37614   44.7621   1.10209   1.10487   0.520118  
40        100       131.247   2.31868   85.2793   2.81532   45.06     1.42449   0.907554  0.403371  
40        100       131.269   2.27481   85.3222   2.69341   44.9861   1.2745    0.960382  0.426012  
40        100       131.666   2.22377   85.7968   2.34181   44.841    0.985546  1.02814   0.431186  
40        100       131.844   2.33731   85.7441   2.48657   45.0082   1.19636   1.09181   0.56505   
40        100       131.141   2.55875   85.2533   2.84551   44.8574   1.38488   1.03034   0.709366  
40        100       131.451   2.12762   85.3661   2.16845   44.9636   1.13845   1.12082   0.54995   
40        100       132.097   2.17974   86.1675   2.36834   44.7929   1.26924   1.13703   0.475386  
40        100       131.713   2.59021   85.8568   2.82798   44.7961   1.27563   1.05983   0.588135  
