135.642   1.58462   106.151   2.28198   29.0021   1.00833   0.489415  0.310478  
135.584   1.60473   106.079   2.3467    29.0051   1.03849   0.499476  0.31182   
135.551   1.58336   106.032   2.2789    29.0241   1.00428   0.49524   0.30984   
135.543   1.62582   106.03    2.35395   29.0156   1.01418   0.496889  0.320479  
135.428   3.64453   105.877   5.15112   29.0628   1.68262   0.487722  0.29841   
135.624   1.64176   106.115   2.44621   29.0115   1.09171   0.497606  0.316112  
135.538   1.64176   106.018   2.4049    29.0336   1.05028   0.486542  0.295256  
135.5     1.65514   106.001   2.4306    29.0127   1.06514   0.486212  0.30225   
135.624   1.6289    106.155   2.33515   28.9448   1.00484   0.523973  0.318906  
135.422   1.60847   105.832   2.36563   29.1088   1.052     0.481398  0.291924  
