0         60        120.111   3.64391   87.2678   2.89451   15.523    0.688109  17.3205   1.56172   
0         60        120.322   3.29889   87.472    2.62943   15.4644   0.726006  17.3858   1.48351   
0         60        120.029   3.61174   87.0521   2.60519   15.592    0.747924  17.3848   1.93854   
0         60        119.595   3.14042   86.7922   2.59476   15.5501   0.706289  17.2529   1.4169    
0         60        119.901   3.12882   86.9608   2.33744   15.5614   0.676453  17.3786   1.45532   
0         60        119.484   4.22396   86.7333   3.06436   15.5669   0.833017  17.1837   1.99232   
0         60        120.203   2.8869    87.2523   2.26497   15.5546   0.605713  17.3957   1.51083   
0         60        119.355   3.14934   86.4958   2.29393   15.6687   0.756996  17.1901   1.61035   
0         60        119.48    3.44953   86.6938   2.76538   15.6844   0.645672  17.1018   1.53623   
0         60        119.894   3.15521   86.9205   2.48798   15.6695   0.650224  17.3043   1.57311   
