40        100       131.642   2.18321   85.7456   2.59577   44.8514   1.17804   1.04458   0.511676  
40        100       131.827   2.3444    85.8339   2.72278   44.9039   1.2188    1.08923   0.519583  
40        100       131.293   2.34736   85.2086   2.69012   45.0894   1.24481   0.995489  0.500974  
40        100       131.291   2.13467   85.196    2.5146    45.0308   1.23188   1.06381   0.54468   
40        100       131.733   2.46951   85.7906   2.98967   44.9295   1.35015   1.0129    0.496995  
40        100       131.527   2.17626   85.5429   2.36211   44.8884   1.24437   1.09573   0.566642  
40        100       131.685   2.11953   85.6531   2.48328   44.9322   1.23986   1.09993   0.560938  
40        100       131.144   2.30803   84.9315   2.57317   45.2272   1.06073   0.985414  0.465607  
40        100       131.621   2.38525   85.4886   2.64241   45.0455   1.07968   1.08664   0.555734  
40        100       131.44    2.11715   85.5672   2.47832   44.8986   1.223     0.97384   0.496965  
