40        100       131.507   2.30448   85.3765   2.68867   45.1465   1.18941   0.984331  0.495718  
40        100       131.616   2.42234   85.5719   2.78685   45.0229   1.19566   1.02127   0.526453  
40        100       131.384   2.21083   85.3715   2.61528   45.0213   1.11433   0.990771  0.471534  
40        100       131.531   2.25348   85.4612   2.65756   45.0513   1.18731   1.01845   0.483416  
40        100       131.421   2.20675   85.4075   2.56137   44.9916   1.18667   1.02194   0.490217  
40        100       131.516   2.45929   85.4295   2.72752   45.0657   1.16311   1.02072   0.535959  
40        100       131.618   2.36838   85.6105   2.76936   44.9409   1.21158   1.06673   0.520279  
40        100       131.43    2.34884   85.3718   2.68298   45.0545   1.18852   1.00351   0.493571  
40        100       131.618   2.40324   85.5482   2.75803   45.0401   1.22157   1.02997   0.487481  
40        100       131.527   2.22619   85.4267   2.44601   45.0541   1.11501   1.04607   0.51084   
