20        40        124.958   5.95245   106.138   4.18575   11.7242   0.719874  7.09512   2.53997   
20        40        123.926   3.08601   105.273   3.44715   11.5801   0.85072   7.07259   1.07714   
20        40        123.792   3.59552   105.207   3.03463   11.8584   0.473092  6.7267    1.37399   
20        40        125.331   2.61269   106.635   1.8952    11.2893   0.282576  7.40641   1.59968   
20        40        122.357   1.67589   104.183   2.3585    11.9375   0.327333  6.23618   0.929573  
20        40        126.092   2.07101   106.545   1.10618   11.6769   0.376928  7.86977   2.04832   
20        40        126.509   3.7604    107.52    2.87279   11.1314   0.931311  7.85717   2.03717   
20        40        124.084   2.78107   105.072   2.30001   11.6904   0.615256  7.32216   1.30906   
20        40        122.98    3.01234   104.592   2.79578   11.5455   0.330373  6.84262   0.968333  
20        40        126.78    3.28021   107.858   2.65956   11.1117   0.470342  7.80989   1.2863    
