60        80        157.123   2.32956   107.432   2.96962   49.6863   0.950688  0.004806560.0268835 
60        80        157.296   2.36245   107.61    2.9549    49.6826   0.925859  0.003284710.0137282 
60        80        156.915   2.29664   107.102   2.91702   49.8106   0.898395  0.002374840.0133891 
60        80        157.258   2.33772   107.534   2.95202   49.7203   0.896022  0.003050130.0127537 
60        80        157.409   2.31705   107.715   3.00817   49.6905   0.992456  0.003865690.0271072 
60        80        157.102   2.31186   107.371   2.96066   49.7282   0.987903  0.002866620.0127071 
60        80        157.302   2.25836   107.606   2.92902   49.6926   0.982308  0.003139080.0158926 
60        80        157.027   2.43513   107.258   3.07342   49.7663   0.932867  0.002536490.0140592 
60        80        157.245   2.33386   107.569   2.98141   49.6719   0.927886  0.0043475 0.0202957 
60        80        157.205   2.4024    107.468   3.13107   49.7346   1.0196    0.001994620.00903282
