40        80        135.699   2.54008   94.0013   3.16198   41.6726   0.859807  0.0246274 0.0377718 
40        80        135.504   2.13201   93.7744   2.61237   41.7081   0.78797   0.0213109 0.0417089 
40        80        135.91    2.70194   94.1605   3.21514   41.7302   0.775452  0.0196014 0.0292162 
40        80        135.724   2.50983   93.8424   3.12412   41.8646   0.833807  0.0175084 0.0280487 
40        80        135.784   2.45824   94.0545   2.84323   41.7041   0.72398   0.0254484 0.0391213 
40        80        135.873   2.31677   94.1991   2.77502   41.6531   0.754197  0.020766  0.0359189 
40        80        136.151   2.36718   94.3884   2.87974   41.741    0.860357  0.021199  0.0411109 
40        80        135.736   2.31704   93.9659   2.96348   41.7437   0.935246  0.0259532 0.0412347 
40        80        135.502   2.61624   93.7675   3.16816   41.7186   0.811066  0.0159649 0.0269593 
40        80        135.458   2.67659   93.5825   3.19613   41.8536   0.785563  0.0217913 0.0370109 
