60        80        157.499   1.89572   107.649   2.63622   49.8503   0.97617   0         0         
60        80        157.305   2.46961   107.264   2.52247   50.0408   0.601286  0         0         
60        80        157.141   1.91802   107.563   2.20971   49.5771   0.702334  0.0006145480.00194337
60        80        158.402   2.0754    108.824   3.03009   49.5777   1.26046   0.0003885110.000830396
60        80        157.114   1.73556   107.358   2.10592   49.7538   0.583519  0.001872870.00438262
60        80        157.014   2.15139   107.629   2.60592   49.3847   0.87562   0.0004033720.00127558
60        80        155.404   2.19295   105.353   2.90743   50.0465   0.844971  0.003738470.0118221 
60        80        156.158   2.10035   106.16    2.46767   49.9981   0.800797  0         0         
60        80        157.439   2.49339   107.689   2.75851   49.7427   0.68052   0.007589560.0240003 
60        80        156.938   2.69226   107.188   3.23916   49.7503   0.80161   0.0002535820.000801897
