20        80        121.545   3.55433   85.1362   2.83126   26.8233   0.992961  9.58543   1.9058    
20        80        121.322   3.32748   84.8806   2.68653   26.885    1.00281   9.55596   1.88387   
20        80        121.496   3.38436   85.0085   2.75057   26.8465   1.01109   9.64102   1.9148    
20        80        121.42    3.22767   84.992    2.62102   26.8902   0.969119  9.53762   1.81649   
20        80        121.355   3.21429   84.9716   2.69955   26.9007   0.997178  9.48256   1.74902   
20        80        121.573   3.20492   85.0758   2.72053   26.7959   0.978668  9.70125   1.75869   
20        80        121.476   3.11728   84.9895   2.5033    26.7986   0.945039  9.68812   1.76508   
20        80        121.306   3.14353   84.8433   2.56616   26.902    0.945635  9.56035   1.79829   
20        80        120.955   3.16513   84.5446   2.53789   26.9333   0.95856   9.47726   1.79028   
20        80        121.144   3.17366   84.7438   2.67129   26.9507   0.963123  9.44909   1.75629   
