20        60        117.272   2.25193   92.8567   2.48677   22.3656   0.839883  2.04957   0.488491  
20        60        116.727   1.4313    92.4825   1.64807   22.1625   0.521978  2.08236   0.555913  
20        60        117.853   1.71796   93.575    1.99086   22.2085   0.699586  2.06911   0.393797  
20        60        118.547   2.83609   94.2358   3.16008   22.238    0.927785  2.07318   0.706724  
20        60        118.19    3.10745   94.3308   3.16159   21.8696   0.89131   1.98967   0.603626  
20        60        117.717   2.82105   93.4333   3.01976   22.4863   0.635289  1.79725   0.519929  
20        60        116.921   3.15981   92.4625   3.15183   22.4282   0.68592   2.03007   0.44861   
20        60        118.539   2.67219   94.0275   3.20197   22.331    0.925561  2.18067   0.477645  
20        60        117.232   3.18416   93.0708   3.53811   22.2024   0.725325  1.95885   0.451296  
20        60        117.386   2.29621   93.0558   2.40171   22.2899   0.7405    2.04009   0.590816  
