40        80        126.036   1.40621   89.8125   1.98781   34.5311   1.52244   1.69208   0.706479  
40        80        125.961   2.48991   89.9692   2.80593   34.5797   0.911622  1.41185   0.595816  
40        80        124.921   1.33268   88.415    1.62179   35.1748   1.18026   1.33151   0.53442   
40        80        125.665   2.31015   89.0433   2.60858   35.4166   0.920682  1.20551   0.473024  
40        80        124.575   2.00347   88.1083   2.38084   35.316    1.01069   1.15107   0.568201  
40        80        125.108   2.66862   88.33     3.02191   35.3274   0.881363  1.45055   0.651749  
40        80        126.502   1.93784   90.0675   2.16386   35.0894   1.40273   1.34473   0.389984  
40        80        125.503   2.11804   89.2117   2.77091   34.759    1.3232    1.53249   0.675057  
40        80        125.45    2.53688   88.9575   2.4638    35.0122   0.974613  1.48082   0.664499  
40        80        124.96    2.70897   88.7167   2.75804   34.8468   0.734652  1.39694   0.618714  
