135.643   1.41332   106.213   2.10669   28.9315   0.970525  0.498788  0.285402  
135.51    1.55497   106.085   2.26608   28.913    1.01239   0.511737  0.297045  
135.705   1.66894   106.194   2.40842   28.9629   1.03296   0.548084  0.305927  
135.581   1.64148   106.176   2.27109   28.9577   0.927918  0.447327  0.289256  
135.402   1.57434   105.914   2.16025   28.986    0.984732  0.501829  0.359162  
135.692   1.62447   106.188   2.43709   28.9864   1.10551   0.518536  0.334718  
135.691   1.50462   106.12    2.23211   29.062    1.05147   0.509047  0.31583   
136.046   1.58433   106.71    2.11596   28.7531   0.931526  0.582964  0.355946  
135.595   1.70412   106.106   2.43631   28.9889   1.08969   0.500594  0.352652  
135.539   1.66136   105.934   2.41131   29.1571   1.03158   0.447895  0.30966   
