0         80        122.276   3.74235   84.1025   2.72479   24.3231   0.635459  13.8504   1.81129   
0         80        121.422   3.79281   83.6067   3.10647   25.0046   1.04081   12.8106   1.59176   
0         80        123.662   3.82585   85.425    3.40865   24.2056   0.494874  14.0309   0.960842  
0         80        121.869   2.31128   84.2567   2.01147   24.46     0.882071  13.1524   0.897399  
0         80        122.911   4.30741   84.7975   3.58975   24.4903   0.918411  13.6234   1.62916   
0         80        121.766   2.20676   84.1792   1.67446   24.7102   0.714435  12.877    0.68593   
0         80        121.213   2.57222   83.8408   2.53054   24.3446   0.950061  13.0278   0.738161  
0         80        123.812   3.79693   85.8508   3.3043    24.0731   1.20903   13.8885   1.59904   
0         80        121.822   5.11381   84.03     4.02725   24.6378   1.14865   13.1539   2.14845   
0         80        121.661   3.17843   84.2242   2.90653   24.1791   1.33665   13.2574   1.85073   
