0         60        119.931   3.46526   86.9479   2.74957   15.5469   0.674087  17.4361   1.56508   
0         60        119.942   3.64054   87.0277   2.90057   15.5208   0.705411  17.394    1.57528   
0         60        119.94    3.60333   86.9893   2.88915   15.562    0.655756  17.3888   1.53017   
0         60        119.897   3.58339   86.9578   2.8415    15.5473   0.680628  17.3919   1.58922   
0         60        120.108   3.51265   87.1293   2.78865   15.5431   0.679477  17.436    1.57988   
0         60        120.016   3.63806   87.0785   2.94012   15.5747   0.711752  17.3631   1.56114   
0         60        120.074   3.61914   87.1319   2.88212   15.5099   0.688302  17.4317   1.54545   
0         60        119.925   3.57863   87.0163   2.77261   15.5096   0.731645  17.3996   1.67811   
0         60        119.98    3.63916   87.048    2.83497   15.488    0.666883  17.4437   1.60599   
0         60        119.722   3.49176   86.8148   2.79851   15.5588   0.665426  17.3484   1.50123   
