0         80        121.97    3.08364   84.3215   2.81769   24.5228   0.893054  13.1256   1.19546   
0         80        121.97    2.8981    84.2139   2.56235   24.4272   0.88147   13.3286   1.27897   
0         80        121.921   3.05009   84.1145   2.64635   24.6249   0.798737  13.1818   1.31633   
0         80        121.574   3.15188   83.7896   2.71558   24.5901   0.929639  13.1947   1.31753   
0         80        121.984   2.55816   84.4296   2.26454   24.3815   0.816593  13.1731   1.16024   
0         80        121.931   2.94992   84.0898   2.50857   24.5158   0.873172  13.325    1.30791   
0         80        121.734   3.37811   84.0019   2.85121   24.5238   0.897967  13.208    1.3836    
0         80        122.137   3.0264    84.402    2.55285   24.3754   0.793732  13.3593   1.26301   
0         80        121.643   3.32575   83.9692   3.0475    24.6149   0.875834  13.0589   1.26547   
0         80        121.852   3.0863    84.1329   2.52125   24.3998   0.968368  13.3194   1.46954   
