20        40        124.763   3.48731   106.108   2.92354   11.5713   0.670979  7.08368   1.58104   
20        40        124.839   3.49936   106.113   2.85891   11.5276   0.66347   7.19853   1.61273   
20        40        124.82    3.51022   106.056   2.82683   11.5904   0.676868  7.17397   1.71518   
20        40        124.903   3.3888    106.218   2.78001   11.5408   0.639205  7.14501   1.5787    
20        40        124.671   3.66755   106.054   2.96945   11.5789   0.729814  7.03765   1.76199   
20        40        124.99    3.66536   106.242   2.94608   11.5604   0.715143  7.18744   1.7967    
20        40        124.559   3.63048   105.857   2.99866   11.6168   0.681743  7.08478   1.65048   
20        40        124.832   3.48946   106.112   2.97636   11.5761   0.670909  7.14414   1.53069   
20        40        125.12    3.33425   106.417   2.78379   11.5183   0.632718  7.18487   1.53852   
20        40        124.692   3.41443   106.013   2.77749   11.6208   0.696083  7.05836   1.61333   
