60        80        160.005   1.43886   110.985   1.84057   48.9865   0.725848  0.0330791 0.0709968 
60        80        157.69    1.99168   108.075   2.68386   49.6062   0.826502  0.008597690.019225  
60        80        157.002   2.39669   106.85    2.52913   50.1286   0.353898  0.0234716 0.052484  
60        80        157.446   2.19107   108.612   3.14214   48.8333   1.05396   0.0009657220.00199388
60        80        156.719   2.14467   106.995   2.67329   49.724    0.663465  0         0         
60        80        158.235   2.30319   109.053   3.36079   49.182    1.07937   0         0         
60        80        155.279   1.19651   104.763   1.82565   50.514    0.875139  0.001824220.00254196
60        80        156.289   2.53376   106.153   2.63965   50.1351   0.480326  0.000272560.000609463
60        80        157.493   2.43269   108.007   2.93001   49.4848   0.912425  0.001617180.00264093
60        80        156.74    1.04955   107.745   0.899218  48.9878   0.20492   0.007612040.017021  
