40        60        136.866   2.75442   106.544   3.37719   29.9837   0.873821  0.33814   0.332242  
40        60        136.229   2.80841   105.298   3.76525   30.6249   1.30233   0.306274  0.314188  
40        60        137.296   2.20991   107.444   2.66667   29.397    1.03859   0.455008  0.363339  
40        60        137.006   2.17027   106.801   2.71122   29.9824   0.667399  0.222635  0.148429  
40        60        137.035   2.01556   106.807   2.62417   29.9344   0.742073  0.293597  0.239665  
40        60        137.019   2.68225   106.787   3.43124   29.8443   1.12394   0.387166  0.421818  
40        60        137.314   2.66992   107.349   3.1354    29.6513   0.757056  0.314019  0.264041  
40        60        136.998   3.21995   106.451   3.68638   30.3451   0.87593   0.201654  0.214483  
40        60        137.227   2.03571   106.981   2.2197    30.0297   0.470598  0.216731  0.183608  
40        60        136.069   1.78195   105.895   2.08479   29.9906   0.644572  0.183503  0.105329  
