0         100       136.833   2.46974   81.06     2.27739   30.1051   1.32725   25.6681   1.38856   
0         100       136.126   4.33869   81.2617   2.55142   31.0202   0.963     23.8442   2.56368   
0         100       138.653   4.44344   83.3883   3.59524   29.8729   1.7415    25.3917   2.28667   
0         100       136.472   4.03452   81.055    2.20285   30.2971   0.803739  25.1201   1.59488   
0         100       134.514   3.68724   81.1967   1.92283   29.6533   0.413103  23.6637   2.64031   
0         100       134.685   3.78241   79.8067   1.46609   30.0013   1.62583   24.8769   2.94938   
0         100       135.843   2.68786   80.66     2.14444   30.6656   1.10701   24.5175   2.77901   
0         100       136.092   4.54749   81.3183   3.8506    29.3167   1.59467   25.4566   3.12688   
0         100       137.478   2.19419   82.23     1.85221   30.2816   1.17702   24.9666   2.65139   
0         100       134.349   4.98768   79.9767   2.91732   30.3996   0.968876  23.9723   3.44835   
