40        60        124.444   3.24278   97.3267   3.55878   25.2421   0.922919  1.87497   0.639278  
40        60        124.678   2.96742   97.1592   3.15829   25.5722   0.968414  1.94664   0.960143  
40        60        125.506   2.7224    98.2492   3.03381   25.9053   0.756088  1.35138   0.520167  
40        60        126.387   3.53431   99.24     3.89065   25.268    0.730802  1.87885   0.579374  
40        60        126.374   2.55359   99.5525   3.10801   25.4376   0.844746  1.3843    0.414147  
40        60        127.016   2.87772   100.175   2.7117    25.1002   0.746411  1.74077   0.51376   
40        60        126.258   3.71488   98.9392   3.75752   25.2429   0.529818  2.07563   0.66537   
40        60        127.714   2.07289   100.442   2.48939   25.4514   1.08985   1.82026   0.721161  
40        60        125.75    1.83428   98.3917   2.18064   25.3786   0.715194  1.97949   0.348453  
40        60        127.75    1.74254   100.426   2.09787   25.5138   0.798728  1.81036   0.827525  
