20        80        122.269   4.23388   85.6533   3.083     27.3377   1.16167   9.27786   2.56307   
20        80        122.022   2.63799   85.5283   2.21346   27.1496   0.840525  9.34419   1.26574   
20        80        122.704   3.15579   85.995    2.60052   26.6198   0.760426  10.0893   1.39644   
20        80        122.023   6.47064   85.4267   4.63017   26.4418   1.50589   10.1547   3.29246   
20        80        122.52    1.99413   85.8683   1.50325   26.4885   0.953253  10.1631   1.75661   
20        80        123.052   4.47192   85.75     3.29595   26.2677   1.14046   11.0345   2.44312   
20        80        119.618   0.599479  83.39     0.730876  27.5559   0.35078   8.67222   0.759718  
20        80        122.779   4.31046   84.7467   2.4959    26.7579   1.4569    11.2744   3.26301   
20        80        119.925   2.09118   85.0317   2.5913    27.1197   1.05916   7.77336   1.36285   
20        80        122.426   1.06891   85.9      1.50909   27.088    0.639337  9.43808   1.32772   
