20        60        119.077   4.02083   88.5735   3.0762    17.4725   0.818609  13.0306   1.95677   
20        60        117.702   3.13086   87.7212   2.48683   17.8564   0.783784  12.1242   1.68368   
20        60        119.099   3.50091   88.6698   2.4849    17.6014   0.808504  12.8278   2.22824   
20        60        119.445   3.45341   88.9886   2.49387   17.3665   0.968729  13.0901   2.21533   
20        60        118.915   3.27658   88.2677   2.42055   17.4378   0.674875  13.2095   1.9425    
20        60        119.314   3.31624   88.9455   2.64008   17.4602   0.822653  12.9081   1.94662   
20        60        119.795   3.42038   89.1667   2.46855   17.2943   0.832802  13.3336   2.02269   
20        60        119.19    3.50036   88.7908   2.50739   17.4592   0.720896  12.9402   1.99808   
20        60        119.118   3.69414   88.6873   3.04568   17.4461   0.872514  12.9843   1.85926   
20        60        119.455   3.94024   88.7717   2.81894   17.4017   0.78855   13.282    2.13932   
