0         80        121.899   3.038     84.1886   2.64281   24.5395   0.888512  13.1706   1.30551   
0         80        121.493   3.09243   83.839    2.6741    24.6324   0.891327  13.0221   1.32688   
0         80        121.741   3.1637    84.0438   2.72017   24.6047   0.868805  13.0926   1.28326   
0         80        121.996   3.28368   84.3201   2.8224    24.4692   0.884627  13.2071   1.35639   
0         80        121.84    2.99866   84.1556   2.64831   24.5049   0.833037  13.1797   1.19198   
0         80        121.858   3.0913    84.17     2.6412    24.5428   0.907274  13.1455   1.31831   
0         80        122.236   3.0968    84.4537   2.70196   24.4127   0.843125  13.3696   1.29563   
0         80        121.711   3.1031    84.0363   2.72283   24.5506   0.843867  13.1244   1.27182   
0         80        121.882   3.07716   84.1814   2.67878   24.5665   0.872796  13.1337   1.29056   
0         80        121.973   3.14862   84.2528   2.7244    24.5211   0.922063  13.1994   1.37415   
