40        100       139.858   2.41032   88.2104   2.93141   51.6306   1.00188   0.0164937 0.0350803 
40        100       139.717   2.34756   88.0148   2.80602   51.6884   0.972956  0.0141358 0.0275117 
40        100       139.682   2.29795   87.9966   2.74473   51.6696   0.950688  0.0155036 0.033135  
40        100       140.009   2.41571   88.3652   2.85233   51.6286   0.930043  0.0146909 0.0308865 
40        100       139.802   2.26102   88.1392   2.66791   51.6467   0.960257  0.0159669 0.0307058 
40        100       139.934   2.22303   88.2956   2.66894   51.6222   0.946463  0.0165351 0.0322963 
40        100       139.833   2.21626   88.1734   2.67025   51.6419   0.957776  0.0172795 0.0351351 
40        100       140.009   2.4024    88.3694   2.8408    51.6241   0.941287  0.0158261 0.0325905 
40        100       139.885   2.45766   88.2293   2.86101   51.6381   0.912093  0.0179444 0.0372386 
40        100       140.074   2.31576   88.4609   2.77424   51.5957   0.966757  0.017815  0.0432579 
