0         60        119.576   3.71698   86.2142   3.18907   15.6632   0.982996  17.6986   1.78214   
0         60        118.879   3.67116   86.3583   3.14093   15.7813   0.985422  16.7398   1.79548   
0         60        120.033   4.61165   86.6625   3.44815   15.6244   0.72736   17.7461   1.97499   
0         60        120.485   2.47978   87.4683   1.8312    15.4987   0.438955  17.518    1.37953   
0         60        121.182   3.94735   88.195    3.11874   15.3312   0.868043  17.6554   1.74986   
0         60        121.295   3.56317   88.2425   2.75442   15.1779   0.46762   17.8749   1.2006    
0         60        119.096   3.77216   86.1742   2.97268   15.5279   0.586741  17.3937   1.35805   
0         60        118.901   3.09682   86.59     2.81489   15.8539   0.366883  16.4567   0.641704  
0         60        119.262   1.89389   86.8408   2.016     15.5747   0.85342   16.8465   1.20821   
0         60        117.92    3.26093   85.52     2.33389   15.8308   0.72525   16.5697   1.7579    
