0         60        119.618   3.64941   86.6648   2.89101   15.5888   0.766097  17.3648   1.7104    
0         60        119.955   3.51745   86.9737   2.77934   15.5031   0.69182   17.4782   1.55543   
0         60        119.963   3.24582   87.0068   2.61575   15.5938   0.681823  17.3625   1.4461    
0         60        120.538   3.23022   87.5622   2.5965    15.4663   0.698814  17.5097   1.53362   
0         60        120.287   3.63276   87.1787   2.79486   15.4448   0.710405  17.6634   1.73442   
0         60        120.224   3.90496   87.2065   3.08415   15.4754   0.786905  17.5424   1.73401   
0         60        119.754   3.11663   86.8539   2.34036   15.6612   0.665941  17.2384   1.48372   
0         60        120.229   3.45626   87.1429   2.79373   15.3928   0.668351  17.6931   1.54892   
0         60        120.519   3.45863   87.4226   2.7215    15.4663   0.679243  17.6303   1.58562   
0         60        120.363   3.50451   87.3514   2.74724   15.4516   0.702769  17.56     1.5436    
