60        100       156.301   0.835024  94.3967   0.764189  61.9042   0.632764  0         0         
60        100       156.486   3.23011   95.365    3.71047   61.1205   0.833854  0         0         
60        100       157.167   2.38362   95.9967   3.01429   61.1701   0.693511  0         0         
60        100       155.349   1.74833   93.7817   1.937     61.5678   0.282981  0         0         
60        100       157.096   1.72187   95.605    2.04825   61.4909   0.529409  0         0         
60        100       158.423   2.29469   96.9817   2.8653    61.441    0.885815  0         0         
60        100       157.361   1.72979   95.9483   2.03197   61.4114   0.534     0.001714130.00383292
60        100       155.594   2.84358   93.99     3.0958    61.604    0.714321  0         0         
60        100       156.754   2.33895   95.4167   2.62314   61.3372   0.42562   0         0         
60        100       154.219   2.15829   92.1917   3.1153    62.0274   1.04161   0         0         
