20        80        121.41    3.69069   85.0962   2.79136   26.8094   1.01554   9.50401   2.00291   
20        80        121.587   3.28295   85.0057   2.7832    26.7678   1.02224   9.81316   1.80955   
20        80        121.519   3.4526    84.9708   2.90724   26.8567   0.939707  9.69116   1.75188   
20        80        121.301   3.4897    84.8063   2.63259   26.8305   0.973975  9.66452   2.06106   
20        80        121.273   3.23472   85.0018   2.59674   26.9317   0.958827  9.33972   1.88049   
20        80        121.374   3.30385   84.8414   2.67683   26.8218   1.06951   9.71095   1.85895   
20        80        121.922   3.84895   85.7216   2.90561   26.5828   0.928003  9.61777   2.00556   
20        80        121.361   2.85486   85.0443   2.2917    26.812    1.00303   9.50428   1.70522   
20        80        120.951   3.08016   84.5729   2.55372   26.9168   1.03814   9.46095   1.80189   
20        80        121.131   3.1336    84.824    2.61877   26.9957   0.959855  9.31092   1.71793   
