20        60        119.54    2.41127   88.8483   2.06366   17.2515   0.835024  13.4401   1.90103   
20        60        119.52    3.18116   88.7425   2.35131   17.5601   0.778572  13.2178   2.22557   
20        60        117.268   4.29207   86.7292   2.58803   17.9467   0.949746  12.5924   2.93585   
20        60        117.753   3.19206   88.0517   2.39048   17.548    1.00669   12.1528   1.9482    
20        60        118.474   3.75532   87.835    2.39284   17.7131   0.660165  12.9256   1.90339   
20        60        121.041   4.34913   90.6342   2.93728   17.2621   0.571779  13.1445   2.38684   
20        60        118.102   2.45869   87.7025   1.6638    17.7226   0.550065  12.6766   1.60822   
20        60        119.38    3.96074   88.2908   2.63358   17.3113   0.914415  13.7781   2.47014   
20        60        118.084   4.18392   87.4575   2.96464   18.063    0.877662  12.5634   2.36877   
20        60        119.665   4.79637   89.2808   3.37667   17.0531   0.89494   13.3313   2.76317   
