40        80        125.516   2.34385   89.3232   2.64286   34.8579   1.0336    1.33516   0.579278  
40        80        126.065   2.26722   89.8693   2.65093   34.7572   1.09567   1.43841   0.628913  
40        80        125.91    1.94175   89.7028   2.24134   34.8262   0.933281  1.38083   0.438685  
40        80        125.144   2.38217   88.743    2.74443   35.1542   1.22237   1.24632   0.667883  
40        80        124.65    2.57316   88.1897   2.85312   35.1587   1.15196   1.30168   0.618316  
40        80        125.878   2.39925   89.3932   2.889     35.1178   1.22263   1.36719   0.557746  
40        80        125.081   2.30212   88.8018   2.86984   34.9256   1.10082   1.35374   0.592334  
40        80        124.927   2.43303   88.574    2.79976   35.1372   1.06875   1.21578   0.50977   
40        80        125.937   2.20071   89.4957   2.45066   34.973    0.897266  1.46783   0.597109  
40        80        126.18    2.12792   90.1132   2.41778   34.6556   1.05603   1.41075   0.60167   
