20        40        124.823   3.52283   106.264   2.95889   11.5936   0.685661  6.9654    1.59771   
20        40        125.21    3.73084   106.287   2.81971   11.472    0.670179  7.45094   1.82852   
20        40        124.989   3.56682   106.203   2.96997   11.5318   0.671671  7.25435   1.60136   
20        40        124.91    3.90868   106.366   3.16547   11.4583   0.691976  7.08538   1.63245   
20        40        124.797   3.3852    106       2.72475   11.6056   0.66318   7.19115   1.79967   
20        40        124.938   3.85714   106.077   3.18575   11.5618   0.74053   7.29907   1.7543    
20        40        125.622   3.84534   106.687   3.06166   11.4219   0.710558  7.51265   1.70993   
20        40        124.539   3.36763   105.859   2.97146   11.6037   0.664985  7.07628   1.42711   
20        40        125.017   3.81269   106.322   3.13984   11.5754   0.675793  7.11982   1.59842   
20        40        125.335   3.31948   106.473   2.63451   11.5079   0.598713  7.35424   1.59616   
