40        60        137.259   2.8229    107.09    3.10021   29.9884   0.838962  0.180831  0.140853  
40        60        136.374   1.90497   106.102   2.7601    29.98     0.923463  0.29252   0.18598   
40        60        136.223   1.69558   106.063   1.97049   29.9488   1.04284   0.210902  0.182055  
40        60        137.245   1.96453   107.343   2.58621   29.6258   0.803283  0.276148  0.175616  
40        60        135.75    2.6302    105.363   2.61979   30.2837   0.535028  0.1032    0.0682947 
40        60        138.5     2.36015   108.535   2.2836    29.3378   0.604043  0.627158  0.509856  
40        60        136.698   2.70561   106.562   3.79761   29.9035   1.23403   0.232397  0.128573  
40        60        135.97    1.41973   105.642   2.36449   29.9787   0.993755  0.349375  0.286717  
40        60        135.633   3.30187   105.513   4.07246   29.9309   1.10358   0.188601  0.130012  
40        60        138.303   2.46618   108.55    3.19759   29.4518   0.871785  0.301096  0.129742  
