20        40        125.258   3.4991    97.8609   2.3332    9.05048   0.440589  18.3469   2.21998   
20        40        125.311   4.35673   97.977    2.75882   9.09436   0.538525  18.2396   2.63288   
20        40        125.231   4.41073   97.6466   2.9671    9.08368   0.532641  18.5008   2.55638   
20        40        124.59    4.28189   97.4342   3.03119   9.14707   0.58057   18.0085   2.42697   
20        40        125.017   4.63041   97.6217   3.26995   9.09932   0.556355  18.2959   2.56024   
20        40        125.376   4.22938   97.8317   2.98692   9.08064   0.557904  18.464    2.40366   
20        40        125.128   4.03582   97.6899   3.0819    9.05106   0.531974  18.3865   2.19705   
20        40        125.02    4.41316   97.5571   3.03525   9.19926   0.541485  18.2637   2.51361   
20        40        125.098   4.41659   97.9688   3.04532   9.1283    0.492065  18.0014   2.52972   
20        40        124.885   4.3275    97.4968   3.27062   9.19059   0.582445  18.1972   2.37864   
