0         40        125.722   4.07706   92.8028   2.51602   7.42772   0.540718  25.4911   2.33136   
0         40        126.54    4.58508   93.3096   3.31239   7.28566   0.44916   25.9447   2.03832   
0         40        126.295   3.84406   93.1612   2.39831   7.34814   0.464624  25.7857   2.13995   
0         40        126.658   4.17307   93.1808   2.78617   7.30298   0.416736  26.174    1.97965   
0         40        124.347   4.2542    91.823    3.00106   7.45676   0.368831  25.067    1.8734    
0         40        126.031   3.6202    92.6513   2.60714   7.32264   0.340853  26.0566   1.79626   
0         40        126.285   4.54105   93.0553   2.98583   7.30154   0.443338  25.9286   2.26385   
0         40        126.073   4.20277   92.7345   2.74722   7.38528   0.462469  25.9536   2.08118   
0         40        124.92    4.2479    92.0587   2.89231   7.47868   0.455045  25.3822   2.07518   
0         40        127.073   3.79866   93.2945   2.44193   7.35728   0.537024  26.4209   2.01928   
