0         40        145.946   6.90016   87.7928   2.91362   5.79094   0.461033  52.3627   4.69266   
0         40        145.344   5.71406   87.567    2.55688   5.83334   0.385748  51.9436   4.10411   
0         40        146.783   5.15277   87.9743   2.62591   5.7079    0.442854  53.1003   3.56473   
0         40        145.166   5.89751   87.7355   2.75544   5.80253   0.464299  51.6276   4.20136   
0         40        145.754   6.67905   87.832    2.84708   5.80276   0.52453   52.1197   4.72553   
0         40        145.479   5.81364   88.0255   2.98594   5.82154   0.430535  51.6316   3.60338   
0         40        145.23    4.99617   87.5768   1.97271   5.92659   0.433924  51.7268   4.05522   
0         40        147.075   5.95026   88.2335   2.98786   5.78469   0.477858  53.0566   3.98546   
0         40        146.717   4.99719   88.6665   2.57688   5.78458   0.453279  52.2663   3.4755    
0         40        145.506   4.97468   87.9553   2.39512   5.81402   0.383403  51.7362   3.42494   
