60        80        143.874   1.68402   99.4167   1.97073   44.406    0.935414  0.0517572 0.038997  
60        80        143.523   3.04267   97.835    3.73303   45.6346   0.887742  0.0533984 0.0699541 
60        80        146.512   2.60708   102.345   3.25105   44.0928   0.980772  0.0746019 0.0529275 
60        80        143.457   1.5531    98.0067   1.44157   45.2633   0.30298   0.186799  0.343596  
60        80        145.289   2.47527   100.283   2.61026   44.8604   0.544638  0.144998  0.245182  
60        80        141.912   1.96652   97.0067   2.73076   44.8912   1.06514   0.0142786 0.0193147 
60        80        144.603   2.16236   99.75     2.84117   44.834    0.875279  0.018815  0.0396389 
60        80        141.911   2.27589   96.5833   2.27632   45.2557   0.384006  0.0719035 0.0762423 
60        80        142.182   1.31176   97.695    1.52165   44.381    0.697897  0.105625  0.110328  
60        80        144.858   1.17925   99.6917   1.40625   45.1136   0.472898  0.0530623 0.0614153 
