40        80        135.63    2.5117    93.9117   3.01316   41.6945   0.825902  0.0241563 0.0375496 
40        80        135.719   2.58328   93.9688   3.08481   41.7259   0.793337  0.0239494 0.0463232 
40        80        135.826   2.29446   94.1606   2.77171   41.6418   0.776825  0.0238961 0.0425029 
40        80        135.742   2.38398   93.999    2.8849    41.72     0.805324  0.0233707 0.0408226 
40        80        135.686   2.36499   93.9217   2.8438    41.742    0.82772   0.022077  0.0383008 
40        80        135.795   2.45235   94.0409   2.97198   41.7289   0.844127  0.0255452 0.0449569 
40        80        135.678   2.35182   93.9032   2.84996   41.7503   0.828476  0.0240923 0.0487881 
40        80        135.898   2.54105   94.1739   3.03602   41.7002   0.824992  0.0235204 0.0419006 
40        80        135.64    2.42813   93.8933   2.95677   41.7221   0.831871  0.024619  0.0430757 
40        80        135.796   2.34457   94.0128   2.83391   41.764    0.822026  0.0193216 0.0317906 
