20        100       127.57    2.25      84.6588   2.51779   41.9126   0.97481   0.998818  0.342685  
20        100       127.984   2.5145    85.1087   2.87827   41.8909   1.07262   0.984303  0.355399  
20        100       127.772   2.39206   84.7037   2.76596   42.0956   1.03695   0.973037  0.361944  
20        100       127.572   2.43093   84.5347   2.55451   42.0822   1.03008   0.95542   0.373635  
20        100       127.61    2.52967   84.6308   2.81181   41.9807   1.04537   0.998233  0.335147  
20        100       127.313   2.4125    84.4012   2.78697   41.8729   1.029     1.03935   0.393702  
20        100       128.314   2.45313   85.4857   2.66831   41.8107   1.02838   1.01779   0.397833  
20        100       127.092   2.5575    84.2702   2.61715   41.7951   1.01102   1.0269    0.360436  
20        100       127.478   2.34194   84.8162   2.63694   41.6605   1.1837    1.0016    0.357566  
20        100       127.98    2.81305   85.1883   2.99734   41.7767   1.21573   1.01465   0.409687  
