20        100       127.53    2.31292   84.74     1.988     41.8904   0.858096  0.899982  0.140758  
20        100       126.454   2.09398   83.7833   1.95506   41.882    1.18235   0.788391  0.2226    
20        100       126.318   1.04676   83.8383   1.89288   41.3815   1.11672   1.09828   0.381692  
20        100       127.022   1.86508   84.73     2.1077    41.2357   1.40216   1.05602   0.530976  
20        100       127.069   1.57495   83.39     2.392     42.7058   1.22574   0.973227  0.427024  
20        100       128.665   2.15104   85.6917   2.37356   41.698    0.638908  1.27487   0.286058  
20        100       127.522   3.23705   84.1967   2.75762   42.3752   1.42496   0.950276  0.345235  
20        100       126.838   1.18996   83.8683   1.07711   42.0869   0.683404  0.882933  0.275004  
20        100       125.556   1.66595   82.3783   2.2271    42.2275   0.806771  0.949776  0.216438  
20        100       127.402   1.43546   84.2767   2.00293   42.2054   1.07268   0.920005  0.376871  
