40        100       131.254   1.3508    85.2717   1.90372   45.1621   0.74652   0.819925  0.432466  
40        100       131.897   3.03567   86.1267   3.61721   44.9201   1.20077   0.850001  0.359395  
40        100       131.787   2.38121   85.9917   2.41613   44.6221   0.859233  1.17269   0.543238  
40        100       132.348   2.40875   86.5067   2.77983   44.6707   0.867653  1.17078   0.604301  
40        100       131.014   1.71847   85.3867   2.15944   44.7454   1.28459   0.881906  0.355407  
40        100       132.4     3.58576   86.5317   3.58176   44.852    1.17362   1.01662   0.541875  
40        100       132.073   2.6546    86.4858   3.53492   44.7134   1.10975   0.873739  0.28993   
40        100       130.861   2.67479   84.8367   2.28825   44.7455   0.964878  1.27888   0.639472  
40        100       129.692   2.529     84.4558   2.78357   44.335    1.14536   0.900879  0.419522  
40        100       130.591   2.13722   84.5142   2.87681   44.7992   1.6819    1.2776    0.570476  
