20        40        125.04    4.3121    97.6781   3.04541   9.14208   0.542768  18.2198   2.40398   
20        40        124.788   4.35982   97.424    3.07228   9.13833   0.552254  18.2252   2.51228   
20        40        124.667   4.31012   97.3573   2.9809    9.17355   0.52903   18.136    2.44433   
20        40        125.028   4.39883   97.637    3.17477   9.1527    0.560527  18.2384   2.42397   
20        40        124.982   4.16217   97.6225   2.90842   9.13779   0.56775   18.2212   2.46882   
20        40        125.234   4.21813   97.7454   2.8849    9.09409   0.55326   18.395    2.43016   
20        40        124.987   4.06732   97.5506   2.92885   9.16742   0.538903  18.2694   2.31006   
20        40        124.677   4.54768   97.4451   3.16734   9.13756   0.582887  18.0942   2.56136   
20        40        125.379   4.13572   97.8179   2.8701    9.0867    0.532701  18.4744   2.37793   
20        40        125.237   4.30466   97.6155   3.0968    9.11133   0.521631  18.5102   2.3698    
