20        40        125.042   3.83809   97.6883   3.11289   9.08771   0.454224  18.2655   1.61943   
20        40        123.439   4.10369   97.1358   2.47031   9.19905   0.502132  17.1045   2.51991   
20        40        123.639   5.74502   96.585    2.93669   9.28377   0.254157  17.7698   3.57176   
20        40        123.519   4.03844   96.6983   2.65786   9.23982   0.489486  17.5812   2.43848   
20        40        123.538   4.61749   97.1108   3.62907   9.18079   0.435823  17.2463   2.34158   
20        40        124.942   5.64994   97.7867   3.8382    9.42315   0.533924  17.732    2.57588   
20        40        123.351   4.28742   96.465    2.91414   9.40285   0.494538  17.4829   2.47124   
20        40        124.585   5.01491   97.6375   3.00101   9.16611   0.46029   17.7818   3.10573   
20        40        125.416   4.75183   97.8192   4.34334   9.16268   0.628463  18.4343   1.66086   
20        40        124.948   2.98579   97.5067   2.28237   9.23185   0.468482  18.2093   2.16994   
