0         100       135.176   4.30318   80.7292   2.54235   29.9382   1.08418   24.5088   2.91779   
0         100       134.873   2.64017   80.2383   1.96608   30.8544   1.61542   23.7804   2.60689   
0         100       133.613   3.91844   79.8125   2.36024   30.4772   1.02983   23.323    2.29809   
0         100       137.6     4.68912   81.5683   3.06356   29.9605   1.05594   26.0716   2.12999   
0         100       136.081   3.50397   81.2225   2.4502    30.3355   0.887986  24.5235   2.47121   
0         100       134.946   3.76086   79.8725   1.9728    30.5271   1.36084   24.5464   2.97811   
0         100       135.055   5.71259   80.6658   3.43011   30.1349   0.797062  24.2543   2.90468   
0         100       137.178   4.16375   82.11     2.30281   30.1812   0.821993  24.8865   2.83585   
0         100       137.413   5.87736   81.7008   3.16927   30.4513   1.81889   25.2606   4.38126   
0         100       139.932   3.99348   83.675    2.94805   29.9267   1.17247   26.3304   2.5675    
