0         80        134.329   4.37812   82.5965   2.65314   21.1217   0.917118  30.6113   3.07084   
0         80        133.717   4.28631   82.0897   2.46273   21.3275   0.824216  30.2999   2.90127   
0         80        132.896   4.63749   81.7084   2.65884   21.4225   0.879655  29.7654   3.29676   
0         80        133.918   4.37538   82.4201   2.59589   21.1812   0.851112  30.3164   3.05081   
0         80        133.815   4.06171   82.2617   2.66844   21.2902   0.906691  30.2632   2.5299    
0         80        133.185   4.32035   82.0354   2.6813    21.3767   0.868346  29.7725   3.08239   
0         80        133.515   4.12096   82.0313   2.38525   21.2411   0.814319  30.2429   2.7869    
0         80        133.715   4.12142   82.2567   2.63954   21.3686   0.861503  30.0892   2.72535   
0         80        133.605   4.50042   82.1288   2.52137   21.3622   0.875654  30.1139   3.14575   
0         80        134.78    4.74248   82.8569   2.5275    21.1753   1.01871   30.7474   3.51963   
