0         80        134.592   3.73142   82.5757   2.30834   21.2526   0.77658   30.7634   2.66709   
0         80        135.098   4.75939   82.6255   2.7588    21.2282   1.00342   31.2446   3.14475   
0         80        133.678   4.00096   82.1585   2.43146   21.6017   0.945607  29.918    3.07107   
0         80        134.653   4.0286    82.7662   2.53747   21.2744   1.00881   30.6121   2.69054   
0         80        134.667   4.21005   82.721    2.47719   21.3241   0.824456  30.6224   3.14008   
0         80        135.249   3.47256   82.8958   2.31978   20.9401   0.876366  31.4129   2.47769   
0         80        134.692   4.64396   83.1398   2.71804   21.2994   0.895509  30.2529   2.9529    
0         80        134.891   4.61447   82.7885   2.63948   21.1468   1.01715   30.9555   3.60752   
0         80        134.514   4.2512    82.3318   2.87727   21.1173   1.15452   31.0651   3.03443   
0         80        134.345   4.58675   82.7327   2.80181   21.249    0.998504  30.3632   3.27739   
