0         40        147.154   6.31549   88.6017   2.66194   5.67965   0.393608  52.8724   4.46704   
0         40        148.456   4.9494    89.3517   2.67998   5.74139   0.443519  53.3633   3.35772   
0         40        151.132   4.39144   89.3925   1.97576   5.79733   0.428312  55.9418   3.7376    
0         40        149.781   3.94383   88.8775   2.02244   5.62103   0.316661  55.2821   2.42567   
0         40        143.167   5.52095   86.4425   2.80763   5.88655   0.296498  50.8383   3.23648   
0         40        147.201   7.56109   88.2708   3.75162   5.57995   0.321954  53.3505   4.7049    
0         40        145.569   5.13177   87.1383   2.85667   6.06286   0.617426  52.3677   3.17669   
0         40        147.422   3.50025   87.8667   2.30978   5.84097   0.404057  53.7142   2.92788   
0         40        146.977   8.1827    88.4908   3.72922   5.95204   0.527201  52.5337   5.16778   
0         40        145.026   3.37577   87.4842   1.53008   5.69433   0.312966  51.8476   3.20891   
