0         60        137.83    4.99931   86.08     2.75646   12.7271   0.525048  39.0231   3.41405   
0         60        136.149   2.65034   85.2842   2.24188   12.7793   0.684059  38.0861   2.09302   
0         60        138.328   3.74189   86.0667   1.97467   13.2967   0.508646  38.9642   2.53562   
0         60        134.008   5.71745   84.56     3.84283   13.0533   0.73043   36.3943   3.63094   
0         60        135.445   3.63982   83.8117   2.41037   12.8025   0.611508  38.8312   2.66378   
0         60        139.03    6.47913   85.7092   2.57003   12.7686   0.683176  40.5522   5.13397   
0         60        136.962   3.66288   84.5367   2.8682    13.6084   0.633921  38.8167   2.00758   
0         60        135.493   4.6484    83.74     1.99261   13.1267   0.634733  38.6265   3.70467   
0         60        136.573   5.41282   84.8108   3.34788   13.0568   0.556244  38.705    3.04894   
0         60        134.981   3.82608   84.3017   2.19216   13.1595   0.459929  37.5203   2.2541    
