40        80        124.038   3.30896   88.0767   3.57782   34.4864   0.925443  1.47536   0.537096  
40        80        126.069   2.19107   89.68     1.30204   35.1235   1.23056   1.26588   0.268497  
40        80        126.567   2.27031   89.8133   2.70019   34.8884   0.999939  1.8649    0.74477   
40        80        125.083   2.23213   88.9883   2.4435    34.7799   1.03007   1.31457   0.548565  
40        80        124.413   2.67731   88.5367   2.3184    34.6709   0.479563  1.20574   0.491986  
40        80        125.844   2.77967   89.2533   3.48364   35.0976   1.32987   1.49354   0.501514  
40        80        125.562   3.21921   89.2083   3.49358   35.0435   1.14073   1.31021   0.696303  
40        80        124.223   1.9024    87.7417   1.97222   35.4844   0.848151  0.996438  0.299709  
40        80        124.077   1.38843   87.9317   2.54165   35.0009   1.34892   1.14407   0.420794  
40        80        125.546   1.96105   89.2117   1.80007   34.6996   0.800772  1.63487   0.995415  
