60        100       143.067   1.09509   88.25     1.91851   54.7842   0.990063  0.0325278 0.0419967 
60        100       145.34    2.20351   90.3417   3.13171   54.9725   1.35046   0.0256335 0.0346866 
60        100       145.423   1.70935   91.435    3.60027   53.8249   2.60174   0.162741  0.285569  
60        100       146.384   2.58904   92.635    2.19952   53.6601   0.840561  0.0892322 0.096001  
60        100       145.356   2.39629   91.24     3.42027   54.0466   1.0814    0.0694679 0.0788224 
60        100       144.04    0.941657  89.175    2.25628   54.7905   1.57634   0.074259  0.0728606 
60        100       143.557   1.69039   88.915    2.2139    54.6074   1.16487   0.0347909 0.0346005 
60        100       143.751   2.80415   89.12     2.96908   54.5528   0.706416  0.0778789 0.0786341 
60        100       142.07    0.964203  87.3783   1.38561   54.6304   0.585885  0.0608759 0.0729497 
60        100       143.638   2.10978   89.295    2.74467   54.327    1.58253   0.0157953 0.0225236 
