60        100       144.087   2.04998   89.5047   2.72899   54.5335   1.20026   0.0488627 0.0834999 
60        100       144.149   2.005     89.6272   2.60684   54.4758   1.15191   0.045929  0.0733558 
60        100       144.139   2.06216   89.592    2.68476   54.4999   1.10632   0.0467298 0.0746388 
60        100       144.327   1.99197   89.7907   2.67419   54.4882   1.16521   0.048469  0.0846023 
60        100       144.131   2.11967   89.5264   2.73248   54.5545   1.18303   0.0503147 0.0845206 
60        100       144.131   2.14644   89.6405   2.73916   54.4432   1.04663   0.0472871 0.0748366 
60        100       144.071   2.01696   89.4508   2.66594   54.5627   1.20672   0.0578976 0.0939636 
60        100       144.292   2.08679   89.7671   2.65869   54.4727   1.09791   0.0518873 0.0828299 
60        100       144.177   2.18576   89.6192   2.78352   54.506    1.1808    0.0523005 0.0874294 
60        100       143.852   2.06313   89.2208   2.71703   54.5786   1.16929   0.0525193 0.0927563 
