0         100       127.243   3.01416   82.704    2.72936   33.8885   1.10264   10.6507   1.17152   
0         100       127.154   2.96945   82.7018   2.72044   33.8505   1.11439   10.6012   1.15931   
0         100       126.962   2.94437   82.5308   2.69481   33.7998   1.11489   10.6311   1.20931   
0         100       127.301   2.95015   82.7973   2.6553    33.8126   1.09768   10.6911   1.17135   
0         100       127.135   2.83586   82.613    2.5684    33.8178   1.06384   10.7037   1.13889   
0         100       127.119   2.96506   82.6599   2.68588   33.8285   1.07334   10.6306   1.16363   
0         100       127.004   2.93892   82.4897   2.65086   33.8501   1.13383   10.6643   1.16653   
0         100       126.947   2.8408    82.5185   2.53542   33.859    1.11056   10.5697   1.21157   
0         100       126.947   2.84556   82.5264   2.59856   33.8234   1.04675   10.5974   1.11151   
0         100       127.042   2.85838   82.5263   2.61566   33.8694   1.08696   10.6459   1.17104   
