40        100       139.771   2.14028   87.9569   2.61298   51.7998   0.875811  0.0138436 0.0247528 
40        100       139.975   2.29762   88.2944   2.77866   51.6647   0.973286  0.0157289 0.0277148 
40        100       140.171   2.36958   88.4166   2.85144   51.741    0.948816  0.0130129 0.0305799 
40        100       139.97    2.442     88.2942   2.89352   51.6617   0.972312  0.0139423 0.030511  
40        100       140.001   1.96079   88.459    2.22318   51.5248   0.86821   0.0172721 0.0393218 
40        100       139.726   2.35649   87.9955   2.73423   51.7186   0.972637  0.0115801 0.0221194 
40        100       140.095   2.42097   88.4646   2.87261   51.6173   0.936763  0.0130154 0.0299997 
40        100       140.168   2.60075   88.4829   3.08374   51.6701   0.949149  0.0144988 0.0264061 
40        100       139.24    2.3053    87.6404   2.77036   51.5881   0.956767  0.0117211 0.0246626 
40        100       140.316   2.3336    88.702    2.64109   51.5979   0.846114  0.0164592 0.0327152 
