135.744   1.73536   106.149   2.37493   28.9784   1.01895   0.617074  0.359649  
135.527   1.52697   105.948   1.97626   28.9964   0.860068  0.582326  0.40894   
135.573   1.84336   106.16    2.4241    28.921    0.968081  0.492309  0.352801  
135.811   2.06588   106.463   2.87428   28.8072   1.1569    0.540543  0.375793  
135.792   1.76993   106.11    2.45417   29.1194   0.996406  0.56265   0.406513  
135.923   1.47902   106.542   2.10199   28.8341   0.949288  0.54652   0.354135  
135.555   1.65253   106.132   2.36282   28.9818   1.0391    0.440392  0.299486  
135.401   1.70122   105.796   2.58454   29.1808   1.11414   0.423767  0.232475  
135.296   1.75546   105.531   2.48182   29.2659   1.08859   0.499683  0.349712  
135.414   1.57021   105.981   2.32692   28.9907   1.0197    0.442228  0.240408  
