0         80        133.597   3.1488    83.04     2.2627    21.4326   0.831476  29.1241   2.39649   
0         80        133.918   4.02488   81.9133   2.43527   21.0794   1.0899    30.9255   2.63933   
0         80        132.02    3.68579   81.3283   2.50121   21.7195   0.985848  28.9727   2.89889   
0         80        136.577   4.90447   83.87     2.55036   20.9165   1.13597   31.7902   3.17708   
0         80        134.481   3.52028   82.3683   1.65805   21.3882   1.07494   30.7248   3.65122   
0         80        132.669   3.66311   80.9783   2.50936   21.9511   0.893347  29.7394   3.00327   
0         80        131.86    4.98853   81.2458   3.2021    21.3821   0.919385  29.2323   3.21036   
0         80        132.016   3.87522   80.2817   1.65438   21.5586   0.757414  30.176    3.28876   
0         80        134.48    4.91843   82.5442   2.72256   21.2915   1.48107   30.6444   3.63704   
0         80        134.1     3.70927   82.1675   2.69129   21.2895   0.79153   30.6428   2.30032   
