0         100       135.944   3.95349   80.8103   2.54827   30.1251   1.08824   25.0086   2.75034   
0         100       137.165   3.70316   81.7315   2.5815    30.0723   1.1069    25.3612   2.39094   
0         100       137.245   3.58765   81.4807   2.59795   30.0861   1.13011   25.6779   2.35756   
0         100       136.62    3.38259   81.2158   2.23423   29.9682   0.940295  25.4355   2.65693   
0         100       135.891   4.45729   80.8665   2.96912   30.3148   1.10765   24.7093   2.79965   
0         100       136.536   4.05564   81.0961   2.75528   30.0894   1.24791   25.3506   2.703     
0         100       136.388   3.96178   81.0296   2.84678   30.084    1.11701   25.2743   2.43947   
0         100       136.21    3.89428   81.3128   2.63379   30.1136   1.1574    24.7838   2.50674   
0         100       135.972   6.21988   80.3248   6.62616   30.6213   3.95285   25.0262   3.62849   
0         100       136.159   4.03864   81.2682   2.72787   30.1797   1.22439   24.7106   2.73068   
