0         40        127.544   5.24768   93.9383   3.55292   7.23432   0.323483  26.3711   2.29976   
0         40        125.663   3.44198   92.6233   2.31672   7.43378   0.4143    25.6057   1.77345   
0         40        127.28    4.32351   93.5475   3.44425   7.24307   0.520254  26.4893   1.50257   
0         40        125.18    4.8319    92.6458   2.68564   7.42012   0.435231  25.1141   2.83049   
0         40        127.822   3.51312   93.2775   2.04485   7.24667   0.488856  27.2976   1.98299   
0         40        126.868   6.48984   93.6325   4.53133   7.39411   0.490697  25.8414   2.57735   
0         40        122.992   4.12668   90.9067   3.24987   7.51388   0.451002  24.5719   1.26865   
0         40        124.665   3.55732   91.8933   2.56732   7.26745   0.410328  25.5042   1.65425   
0         40        127.269   4.40506   94.0075   3.28375   7.22697   0.382059  26.0348   1.49571   
0         40        126.292   4.18496   92.8592   2.31334   7.29628   0.57355   26.1366   2.5183    
