0         80        132.599   4.58535   81.455    2.69041   21.8245   0.794689  29.3192   2.98538   
0         80        134.591   6.30228   82.23     2.47408   21.4981   0.325041  30.8627   4.58934   
0         80        134.316   4.79216   82.9067   3.75429   21.6763   0.930475  29.7329   2.53614   
0         80        136.489   5.98484   84.4033   3.39965   21.8186   1.01632   30.2675   3.80089   
0         80        137.107   3.80814   83.5067   1.90779   20.931    0.778393  32.6689   3.3789    
0         80        129.75    4.45704   79.1233   3.07769   22.2277   1.0254    28.3989   3.14689   
0         80        133.802   3.92881   83.3583   2.61512   21.0702   1.02087   29.3733   2.92319   
0         80        131.883   3.41584   81.505    1.12587   21.0008   0.797755  29.3774   3.69625   
0         80        135.007   5.47936   83.1617   3.03367   21.9495   1.34259   29.8963   4.3307    
0         80        134.841   5.29538   83.29     2.4391    21.8402   1.12701   29.7109   4.30218   
