0         60        136.25    4.62441   84.6875   2.40084   12.9208   0.670163  38.6414   3.35465   
0         60        136.087   4.35524   84.434    2.70817   13.1126   0.657388  38.5403   2.67291   
0         60        134.521   4.32482   83.6497   2.21501   13.1172   0.604049  37.7541   3.12686   
0         60        135.639   4.73871   84.1837   2.47835   13.0201   0.631803  38.4347   2.99108   
0         60        137.234   4.35436   85.2418   2.34955   12.6903   0.657638  39.3017   3.21401   
0         60        135.928   4.94756   84.4347   2.74222   12.8587   0.733231  38.6351   3.16066   
0         60        136.745   5.31687   84.5572   2.66497   12.8632   0.739186  39.3249   3.5965    
0         60        137.497   4.99643   84.8018   2.39339   12.8727   0.841053  39.8228   3.76464   
0         60        136.031   4.23753   84.3695   2.38672   13.0503   0.573986  38.6116   3.02414   
0         60        135.597   4.05935   84.2158   2.32472   13.076    0.614987  38.3049   3.1018    
