60        100       144.503   2.59239   90.0558   3.15541   54.4083   1.0625    0.0384201 0.0625255 
60        100       143.923   2.60741   89.5692   3.09008   54.2728   0.969702  0.0811819 0.101397  
60        100       144.007   1.74801   89.3092   2.06029   54.6626   0.609353  0.0355936 0.052416  
60        100       144.012   1.88193   89.375    2.84541   54.6018   1.51998   0.035     0.0607576 
60        100       143.924   2.12091   89.0258   2.26863   54.8662   0.819547  0.0322053 0.0502625 
60        100       144.627   1.88285   90.1158   2.28996   54.4522   1.21138   0.0593538 0.0640089 
60        100       144.407   1.99435   89.7867   2.62401   54.5162   0.864144  0.104516  0.107416  
60        100       143.614   2.55461   88.9883   3.18212   54.6073   1.21308   0.0186105 0.0315421 
60        100       143.137   2.29621   88.8958   2.62599   54.1528   1.00228   0.0881592 0.126767  
60        100       145.06    1.84372   90.5883   2.4301    54.3876   1.03477   0.0839051 0.138794  
