20        60        117.693   2.89858   93.493    3.02993   22.2845   0.662341  1.91497   0.547638  
20        60        117.924   3.12638   93.631    3.32239   22.2276   0.789409  2.06558   0.567511  
20        60        117.938   2.98807   93.7318   3.06384   22.2829   0.712833  1.92366   0.509069  
20        60        117.289   3.08841   92.9723   3.27025   22.3721   0.815731  1.94433   0.59416   
20        60        117.398   3.17977   93.1832   3.44342   22.4117   0.800366  1.8031    0.51251   
20        60        117.777   2.44767   93.4082   2.65417   22.2595   0.649427  2.10957   0.552198  
20        60        117.73    2.67333   93.5033   2.95653   22.1394   0.843998  2.0873    0.562345  
20        60        117.628   2.75556   93.2645   2.8988    22.3601   0.732333  2.00382   0.497281  
20        60        118.031   3.05268   93.6687   3.36852   22.2393   0.845366  2.1231    0.641592  
20        60        117.803   2.7678    93.6485   2.92585   22.1276   0.738485  2.02694   0.556049  
