40        80        125.543   2.46439   89.1663   2.9251    34.9773   1.25214   1.39982   0.629196  
40        80        125.672   2.38021   89.3995   2.73561   34.8923   1.04775   1.38005   0.576222  
40        80        125.679   2.162     89.3027   2.53934   35.0275   1.08693   1.3489    0.593947  
40        80        125.126   2.42696   88.7488   2.73296   34.9974   1.10996   1.38013   0.592989  
40        80        125.172   2.38366   88.8741   2.67812   35.0788   1.05746   1.21915   0.609507  
40        80        125.548   2.11924   89.1563   2.56038   34.9228   1.08082   1.46922   0.633562  
40        80        125.647   2.51285   89.3248   2.74126   34.9131   1.00567   1.40865   0.672711  
40        80        125.691   2.23155   89.3317   2.73273   35.0608   1.18811   1.29866   0.566475  
40        80        125.551   2.2877    89.4096   2.54219   34.7647   0.936637  1.37698   0.583072  
40        80        125.242   2.45695   88.9162   2.92564   34.9909   1.09128   1.33471   0.562406  
