0         40        124.106   3.83064   91.2667   2.67913   7.42157   0.249756  25.4182   1.44204   
0         40        126.763   4.11955   93.16     1.91621   7.36204   0.378332  26.2414   2.66949   
0         40        127.216   3.22315   93.3883   2.03341   7.22562   0.542533  26.6024   2.17331   
0         40        126.878   2.84014   93.6367   2.35186   7.39632   0.455945  25.845    1.15912   
0         40        122.561   1.88642   90.4917   1.6247    7.6717    0.221764  24.3981   0.546261  
0         40        126.074   5.18656   92.8383   3.13467   7.5111    0.236159  25.7249   2.59228   
0         40        124.126   2.76487   91.555    1.88539   7.4118    0.362787  25.159    1.2178    
0         40        125.869   4.45726   92.6783   2.33833   7.63107   0.199276  25.5599   2.38052   
0         40        123.246   5.33213   90.3633   2.80206   7.58347   0.427141  25.2996   2.94514   
0         40        126.934   6.36856   93.2      4.31397   7.24746   0.394976  26.4862   2.82359   
