40        60        125.395   2.83066   97.9151   3.13773   25.7359   0.928386  1.74436   0.655453  
40        60        125.078   2.60487   97.5223   2.77446   25.624    0.832338  1.93121   0.714495  
40        60        124.855   2.94499   97.4444   3.18941   25.5746   0.900972  1.83564   0.698974  
40        60        126.289   2.89897   98.8901   3.27564   25.5308   0.875879  1.86796   0.708662  
40        60        125.444   2.72984   97.9257   3.02671   25.6796   0.777688  1.83912   0.659309  
40        60        125.466   2.53585   98.185    2.78751   25.4477   0.758345  1.83346   0.632585  
40        60        125.822   2.4713    98.4346   2.72984   25.5035   0.837772  1.88384   0.601418  
40        60        125.91    2.68812   98.5194   2.8909    25.5606   0.80403   1.83001   0.724128  
40        60        125.657   2.87777   98.2935   2.96529   25.3772   0.849186  1.98638   0.76774   
40        60        125.891   2.82485   98.5367   2.99589   25.4959   0.910967  1.85856   0.692366  
