20        100       126.193   2.61937   82.4036   2.40567   36.8393   1.14654   6.95026   1.63896   
20        100       126.804   3.03494   82.6873   2.73654   36.6665   1.08268   7.45048   1.55638   
20        100       127.095   3.34807   83.0269   2.81197   36.2942   1.2297    7.77367   1.91417   
20        100       126.568   2.80444   82.7583   2.58944   36.5775   1.12064   7.23263   1.39846   
20        100       126.307   2.73261   82.5254   2.31909   36.5842   1.19275   7.1971    1.63849   
20        100       126.956   2.51285   83.063    2.38379   36.3769   1.21159   7.51621   1.60552   
20        100       127.45    3.43169   83.3508   2.81523   36.2008   1.15052   7.89849   1.88802   
20        100       126.962   3.0082    82.9775   2.57746   36.4591   1.11832   7.52549   1.5228    
20        100       127.094   3.20452   83.2397   2.72972   36.4005   1.21361   7.45375   1.71503   
20        100       127.24    2.78184   83.0983   2.31582   36.3596   1.15839   7.7822    1.70037   
