20        60        119.544   4.20407   89.0008   2.92434   17.3844   0.924692  13.1592   2.33176   
20        60        119.516   3.4223    88.928    2.53336   17.4803   0.801068  13.1079   1.98744   
20        60        118.807   3.65477   88.4098   2.55433   17.5958   0.811613  12.8011   2.27546   
20        60        118.698   4.06559   88.1519   3.05825   17.6025   0.895613  12.9439   2.25765   
20        60        119.277   3.3796    88.6016   2.46068   17.4661   0.839513  13.209    2.1544    
20        60        118.513   3.51242   88.2879   2.76008   17.4456   0.812634  12.7792   2.0957    
20        60        119.226   3.79493   88.7457   2.67989   17.4455   0.843288  13.0349   2.22424   
20        60        118.941   3.49133   88.6529   2.53685   17.526    0.796784  12.7622   2.05769   
20        60        119.017   3.45626   88.6102   2.45605   17.5274   0.801991  12.8794   2.0458    
20        60        118.914   3.76537   88.4918   2.66536   17.5574   0.873273  12.8651   2.3255    
