20        60        117.772   2.89409   93.441    3.11664   22.2946   0.794914  2.03637   0.589328  
20        60        117.426   2.6412    93.1163   2.80763   22.3643   0.724971  1.94509   0.531546  
20        60        117.657   2.64443   93.3295   2.84978   22.3221   0.728633  2.00516   0.509722  
20        60        117.714   3.51877   93.4453   3.75142   22.2716   0.773411  1.99696   0.52946   
20        60        117.878   2.74081   93.6109   2.88906   22.2695   0.695656  1.99752   0.55495   
20        60        117.794   2.62884   93.5222   2.84609   22.29     0.74726   1.98225   0.5414    
20        60        117.628   2.72596   93.3582   2.92303   22.3208   0.712071  1.94894   0.503921  
20        60        117.619   2.80352   93.325    3.00601   22.2984   0.744153  1.9958    0.565403  
20        60        117.694   2.78811   93.4254   2.98929   22.2851   0.782248  1.98367   0.552433  
20        60        117.47    2.94522   93.1825   3.11052   22.33     0.756651  1.95775   0.535523  
