20        60        118.959   3.64109   88.578    2.58541   17.5038   0.756568  12.8768   2.11303   
20        60        119.017   3.85912   88.4747   2.77433   17.5504   0.834764  12.9915   2.27625   
20        60        118.677   3.56151   88.2426   2.53305   17.5805   0.76476   12.8539   2.09678   
20        60        118.852   3.77525   88.3701   2.67166   17.5416   0.800527  12.9399   2.19983   
20        60        118.626   3.75476   88.3138   2.77135   17.591    0.802422  12.7211   2.15372   
20        60        118.871   3.81564   88.6007   2.74638   17.5211   0.775877  12.7498   2.14397   
20        60        118.894   3.76462   88.4321   2.70001   17.5458   0.817902  12.9156   2.20131   
20        60        119.06    3.59135   88.5326   2.62751   17.5594   0.797549  12.9682   2.10104   
20        60        118.843   3.70046   88.347    2.68932   17.5176   0.803475  12.978    2.13493   
20        60        118.892   3.57022   88.4558   2.63874   17.5447   0.771506  12.8914   2.01765   
