0         80        134.2     4.33493   82.4552   2.58822   21.2956   0.910547  30.4495   3.00002   
0         80        134.028   4.37473   82.4212   2.65133   21.3405   0.912677  30.2661   2.99558   
0         80        134.239   4.53377   82.4724   2.84952   21.2697   0.942285  30.4969   3.06562   
0         80        134.26    4.37817   82.4252   2.72191   21.2719   0.941138  30.5626   3.00775   
0         80        133.72    4.19753   82.3082   2.53008   21.3909   0.907153  30.0208   2.89678   
0         80        134.08    4.41645   82.3951   2.6518    21.3417   0.932178  30.3428   3.10722   
0         80        134.242   4.22868   82.482    2.58764   21.3058   0.931641  30.454    2.93496   
0         80        133.874   4.77741   82.2118   2.97072   21.3112   0.885671  30.3508   2.97017   
0         80        134.275   4.40076   82.5956   2.59779   21.2217   0.943779  30.4572   3.0836    
0         80        133.804   4.33377   82.2107   2.69044   21.3009   0.90366   30.2928   2.98727   
