40        60        137.412   2.15532   107.365   2.76365   29.7857   0.929773  0.260946  0.242192  
40        60        136.692   2.28097   106.657   2.95826   29.7882   0.903243  0.246535  0.17497   
40        60        137.225   2.29351   107.083   2.91744   29.852    1.02145   0.290286  0.221265  
40        60        136.928   2.38805   106.737   2.90012   29.8894   0.794241  0.301411  0.243565  
40        60        136.679   2.33212   106.33    2.93423   30.028    0.91769   0.32034   0.239845  
40        60        137.041   2.25255   106.781   2.73535   29.9923   0.943053  0.268253  0.281352  
40        60        137.082   2.69069   106.968   3.50764   29.8009   1.19839   0.313368  0.238613  
40        60        137.055   2.24432   106.969   2.63899   29.8103   0.737135  0.275558  0.238878  
40        60        137.171   2.29351   107.212   2.8417    29.7085   0.938095  0.249833  0.222744  
40        60        136.773   2.12252   106.539   2.63416   29.9715   0.817879  0.262696  0.237787  
