20        60        119.069   2.18527   94.9483   2.46954   22.0683   0.955555  2.05237   0.596557  
20        60        117.639   0.952997  93.4233   1.35353   22.2339   0.351562  1.98164   0.361732  
20        60        117.128   2.90843   93.205    3.68048   22.1106   1.06083   1.81272   0.441332  
20        60        117.503   1.30279   93.3      1.02269   22.1104   0.719005  2.09296   0.442034  
20        60        116.607   1.83286   92.23     1.6976    22.8935   0.518517  1.48364   0.523289  
20        60        118.747   1.58669   94.3917   1.85668   22.3543   0.623533  2.00147   0.580716  
20        60        117.785   3.01753   93.6933   3.41312   22.1671   0.924321  1.92473   0.532724  
20        60        117.205   4.36069   92.9017   4.47345   21.9528   0.589934  2.3504    0.507026  
20        60        116.077   1.7343    91.3867   1.8789    22.686    0.498349  2.0046    0.373226  
20        60        119.671   1.58546   95.575    2.02499   22.3428   0.359715  1.75287   0.274209  
