60        80        143.705   2.53622   98.8773   2.91679   44.7644   0.818707  0.0631036 0.0899727 
60        80        144.288   2.5342    99.3137   2.9602    44.8567   0.796797  0.117558  0.116337  
60        80        143.841   2.68689   98.9077   3.03855   44.8574   0.79067   0.0759662 0.1012    
60        80        143.713   2.14553   98.9008   2.72121   44.7224   1.0081    0.0900625 0.0987798 
60        80        143.476   3.11616   98.671    3.78622   44.726    0.988776  0.078796  0.0939876 
60        80        143.762   1.95517   98.423    2.37574   45.265    0.861318  0.0736399 0.111039  
60        80        143.898   2.88601   98.6888   3.28193   45.1124   0.911677  0.0963291 0.132959  
60        80        143.549   2.43722   98.5488   2.95211   44.9107   0.982305  0.0891863 0.116762  
60        80        143.337   2.27228   98.121    2.74919   45.1517   1.01637   0.0648034 0.102904  
60        80        143.236   2.49106   98.0645   3.06186   45.0889   1.02613   0.0825355 0.118937  
