0         100       136.447   4.31338   81.0611   2.5975    30.1372   1.14115   25.249    3.03879   
0         100       136.774   4.03045   81.2759   2.63978   30.0998   1.06687   25.3987   2.78275   
0         100       136.399   4.15289   81.151    2.74619   30.2041   1.10374   25.0437   2.76661   
0         100       136.466   4.06757   81.1813   2.62188   30.2      1.11969   25.0842   2.7496    
0         100       136.483   4.09457   81.1988   2.65294   30.2053   1.18831   25.0787   2.81206   
0         100       136.548   4.17287   81.3367   2.71602   30.0848   1.09743   25.1266   2.76015   
0         100       136.682   3.8621    81.2774   2.52869   30.1758   1.09245   25.2291   2.71679   
0         100       136.529   3.97512   81.167    2.55098   30.2041   1.1105    25.1582   2.70516   
0         100       136.691   3.97764   81.3815   2.6501    30.1729   1.11126   25.1366   2.6225    
0         100       136.548   3.97915   81.2528   2.58173   30.1113   1.14717   25.1839   2.84531   
