0         100       136.13    4.12589   80.6397   2.34752   30.106    1.0505    25.3839   3.03474   
0         100       136.083   4.16068   80.9772   3.01506   30.2326   1.15365   24.8728   2.5662    
0         100       136.987   3.90496   81.7868   2.32184   30.1148   1.19333   25.0849   2.80634   
0         100       136.864   4.14532   81.1357   2.81498   29.9635   0.940471  25.7649   2.63759   
0         100       138.104   3.93295   82.5585   2.51767   29.8492   1.09298   25.6964   2.46532   
0         100       135.278   3.84024   80.7535   2.65778   30.1179   1.17671   24.4066   2.59434   
0         100       136.478   4.18467   81.0658   2.44349   30.1695   1.00342   25.2425   2.99404   
0         100       135.719   4.08831   80.4968   2.66089   30.548    1.17982   24.6746   2.56373   
0         100       136.958   4.83767   81.393    2.98893   30.0223   1.36625   25.5431   3.60721   
0         100       137.411   4.25765   81.5798   2.75614   30.0626   1.13698   25.7681   2.80644   
