0         40        125.547   4.23874   92.6152   2.83833   7.41331   0.44066   25.5182   2.1136    
0         40        126.07    4.05152   92.9448   2.78379   7.34648   0.44565   25.7785   1.98191   
0         40        126.046   4.48723   92.8996   3.05527   7.38568   0.475134  25.7609   2.16485   
0         40        125.761   4.17431   92.6945   2.81226   7.37615   0.439348  25.6907   2.08712   
0         40        126.001   4.38125   92.8424   2.95524   7.38247   0.472358  25.7765   2.21424   
0         40        126.054   4.35786   92.9063   2.90635   7.36485   0.446168  25.783    2.10417   
0         40        125.808   4.37336   92.776    2.8972    7.35868   0.475542  25.6732   2.20622   
0         40        125.946   4.21076   92.8708   2.84908   7.39719   0.442159  25.6779   2.0746    
0         40        125.9     4.26596   92.7855   2.87045   7.38642   0.4443    25.7281   2.05204   
0         40        125.915   4.349     92.9138   2.95575   7.41282   0.477853  25.5882   2.11554   
