20        80        121.393   3.20335   85.065    2.577     26.6605   1.00108   9.66796   1.749     
20        80        121.291   3.43136   85.0347   2.6264    26.9772   0.809059  9.27966   1.79507   
20        80        121.739   3.06374   85.1435   2.46325   26.8102   0.978035  9.78516   1.84678   
20        80        121.067   2.88933   84.7258   2.27481   26.8051   0.974647  9.53641   1.70887   
20        80        120.966   3.00297   84.4623   2.43657   26.9686   0.907733  9.53563   1.86782   
20        80        121.191   3.72971   84.9985   3.16127   26.874    0.984048  9.31847   1.84004   
20        80        121.557   2.77401   85.2783   2.53043   26.8887   1.09749   9.38978   1.74634   
20        80        121.156   3.3968    84.8666   2.71828   26.9254   0.930587  9.36398   1.73445   
20        80        120.931   3.95865   84.8117   3.28552   26.7994   0.9287    9.31944   1.99731   
20        80        121.175   2.80329   84.8838   2.45742   26.8659   0.864828  9.42545   1.55369   
