40        60        136.821   2.16346   106.699   2.72243   29.8692   0.84914   0.252857  0.234001  
40        60        136.913   2.08893   106.667   2.57636   29.9736   0.861915  0.272003  0.262861  
40        60        137.179   2.48988   107.08    2.996     29.8243   0.927365  0.274345  0.230603  
40        60        136.825   2.41993   106.503   2.93275   30.053    0.852571  0.268473  0.247555  
40        60        136.905   2.01916   106.586   2.56851   30.0364   0.928938  0.282774  0.240062  
40        60        137.008   2.21992   106.756   2.72127   30.0068   0.881917  0.246009  0.247844  
40        60        136.983   2.39027   106.794   3.07503   29.909    0.988731  0.279856  0.185927  
40        60        136.948   2.39844   106.813   2.88325   29.872    0.855298  0.262716  0.239261  
40        60        136.699   2.14028   106.499   2.64933   29.9184   0.886024  0.282287  0.238756  
40        60        136.674   2.43372   106.463   2.96954   29.9849   0.92515   0.22583   0.198042  
